6387.351063	1.39298295120938e-15
6387.451063	0
6387.551063	2.78596590241875e-15
6387.651063	2.78596590241875e-15
6387.751063	1.39298295120938e-15
6387.851063	5.5719318048375e-15
6387.951063	0
6388.051063	1.39298295120938e-15
6388.151063	0
6388.251063	1.39298295120938e-15
6388.351063	2.78596590241875e-15
6388.451063	0
6388.551063	1.39298295120938e-15
6388.651063	5.5719318048375e-15
6388.751063	2.29842186949547e-14
6388.851063	4.94508947679329e-13
6388.951063	9.58720516169853e-12
6389.051063	1.59652562004009e-10
6389.151063	2.27067991753066e-09
6389.251063	2.75940589648804e-08
6389.351063	2.86650345444547e-07
6389.451063	2.54695311389767e-06
6389.551063	1.93698742301952e-05
6389.651063	0.000126194148147405
6389.751063	0.000705027911341997
6389.851063	0.0033820131982985
6389.951063	0.0139514419200055
6390.051063	0.0495874471673131
6390.151063	0.152221509989315
6390.251063	0.404806602057123
6390.351063	0.936184457890114
6390.451063	1.89219863394771
6390.551063	3.36383608071516
6390.651063	5.30320104578064
6390.751063	7.49271951025972
6390.851063	9.61252502006013
6390.951063	11.3752565096595
6391.051063	12.6379270032946
6391.151063	13.4218945003372
6391.251063	13.8499491516158
6391.351063	14.0629458865122
6391.451063	14.1679202653303
6391.551063	14.2271822042449
6391.651063	14.2700801838456
6391.751063	14.308184511515
6391.851063	14.3454557902564
6391.951063	14.3831360251625
6392.051063	14.4215784914691
6392.151063	14.460803027994
6392.251063	14.5006723673355
6392.351063	14.5410090863195
6392.451063	14.5816965711361
6392.551063	14.6227170799751
6392.651063	14.6641098500975
6392.751063	14.7059001818955
6392.851063	14.7480656908103
6392.951063	14.7905570899172
6393.051063	14.833339820072
6393.151063	14.8764138163388
6393.251063	14.9198007879017
6393.351063	14.9635267082285
6393.451063	15.0076225080514
6393.551063	15.0521280099072
6393.651063	15.0970782342898
6393.751063	15.1424810899488
6393.851063	15.1883095103839
6393.951063	15.2345224443991
6394.051063	15.2811071724087
6394.151063	15.3281021999733
6394.251063	15.3755686072837
6394.351063	15.4235438060801
6394.451063	15.4720305572741
6394.551063	15.5210128237307
6394.651063	15.5704671993349
6394.751063	15.6203772447668
6394.851063	15.6707518996862
6394.951063	15.7216168080955
6395.051063	15.7729857695526
6395.151063	15.8248631325497
6395.251063	15.8772734780175
6395.351063	15.9302571764885
6395.451063	15.9838299736694
6395.551063	16.0379767423458
6395.651063	16.0926907344506
6395.751063	16.1479846430387
6395.851063	16.2038559929161
6395.951063	16.2602845817238
6396.051063	16.3172814751657
6396.151063	16.3748985024461
6396.251063	16.4331655426338
6396.351063	16.4920576908862
6396.451063	16.5515535240654
6396.551063	16.6116913700905
6396.651063	16.6725338661847
6396.751063	16.7341039956871
6396.851063	16.7963946954621
6396.951063	16.8594228623816
6397.051063	16.9232260792961
6397.151063	16.9878041364043
6397.251063	17.0531102610667
6397.351063	17.1191246531744
6397.451063	17.1859057095823
6397.551063	17.2535358060082
6397.651063	17.3220367786355
6397.751063	17.3913781815967
6397.851063	17.4615583674917
6397.951063	17.5326293532777
6398.051063	17.6046323847922
6398.151063	17.6775537211109
6398.251063	17.751373451563
6398.351063	17.8261303722752
6398.451063	17.901900801566
6398.551063	17.9787215756371
6398.651063	18.0565711643007
6398.751063	18.1354359215134
6398.851063	18.215364593828
6398.951063	18.2964333723294
6399.051063	18.3786732211236
6399.151063	18.4620630250994
6399.251063	18.5465963127469
6399.351063	18.6323267438059
6399.451063	18.7193311226599
6399.551063	18.8076446841683
6399.651063	18.8972585673585
6399.751063	18.9881802891823
6399.851063	19.0804714263966
6399.951063	19.1742106799847
6400.051063	19.2694355227054
6400.151063	19.3661443265779
6400.251063	19.4643539242728
6400.351063	19.5641309578345
6400.451063	19.6655569215917
6400.551063	19.7686796176064
6400.651063	19.8735153160016
6400.751063	19.9800931534975
6400.851063	20.0884831636274
6400.951063	20.1987755969207
6401.051063	20.3110372989255
6401.151063	20.4252970439018
6401.251063	20.5415795930311
6401.351063	20.65994859011
6401.451063	20.7805049169851
6401.551063	20.9033451693914
6401.651063	21.0285355963162
6401.751063	21.1561296752081
6401.851063	21.2862008536955
6401.951063	21.4188534746501
6402.051063	21.5542052348753
6402.151063	21.6923597945493
6402.251063	21.8333978752364
6402.351063	21.9774001659775
6402.451063	22.1244760710346
6402.551063	22.2747607026206
6402.651063	22.4283867771034
6402.751063	22.5854741182062
6402.851063	22.7461532431061
6402.951063	22.9105933544222
6403.051063	23.0789974912067
6403.151063	23.2515620259644
6403.251063	23.4284431291054
6403.351063	23.6097775665842
6403.451063	23.7957429380538
6403.551063	23.9865854783665
6403.651063	24.1825813925189
6403.751063	24.3839849389472
6403.851063	24.5910324225638
6403.951063	24.8039978015818
6404.051063	25.0232286163326
6404.151063	25.2491140861905
6404.251063	25.4820275363741
6404.351063	25.7223266428614
6404.451063	25.9704206652703
6404.551063	26.2268196774105
6404.651063	26.4921020581284
6404.751063	26.7668489925763
6404.851063	27.0516458655839
6404.951063	27.3471656551154
6405.051063	27.6542340479652
6405.151063	27.9737901963653
6405.251063	28.3068008276499
6405.351063	28.6542698181871
6405.451063	29.0173749922394
6405.551063	29.3975883245746
6405.651063	29.7966432464983
6405.751063	30.2164185223923
6405.851063	30.6589385003386
6405.951063	31.1265570365843
6406.051063	31.6221778071669
6406.151063	32.1493656539626
6406.251063	32.7124089336711
6406.351063	33.3165084691386
6406.451063	33.9681643573238
6406.551063	34.6757244755342
6406.651063	35.4501819807323
6406.751063	36.3066073753974
6406.851063	37.266870610034
6406.951063	38.3643178472117
6407.051063	39.6499874782326
6407.151063	41.1958748750414
6407.251063	43.0829103036927
6407.351063	45.356105085652
6407.451063	47.9428728393533
6407.551063	50.5725586636462
6407.651063	52.777782314847
6407.751063	54.0379048666884
6407.851063	54.0175471468482
6407.951063	52.7447922337056
6408.051063	50.5930173211452
6408.151063	48.082147617551
6408.251063	45.6498758257822
6408.351063	43.5332590034642
6408.451063	41.7847686943285
6408.551063	40.3545224491708
6408.651063	39.1651582025624
6408.751063	38.1501851678555
6408.851063	37.26296880275
6408.951063	36.4729311094027
6409.051063	35.7597620039791
6409.151063	35.1092861355454
6409.251063	34.5110631735213
6409.351063	33.9570640646677
6409.451063	33.440983614827
6409.551063	32.9578813351875
6409.651063	32.503872354657
6409.751063	32.0757800571685
6409.851063	31.6708771751383
6409.951063	31.2867987224506
6410.051063	30.9215279516895
6410.151063	30.5733486996794
6410.251063	30.2407834030913
6410.351063	29.9225521639174
6410.451063	29.6175262080021
6410.551063	29.3246763749315
6410.651063	29.0430645319867
6410.751063	28.77187083427
6410.851063	28.5103969250039
6410.951063	28.2580332516613
6411.051063	28.0142238833324
6411.151063	27.7784405215142
6411.251063	27.5501676782291
6411.351063	27.3289134516953
6411.451063	27.114237676413
6411.551063	26.9057662480936
6411.651063	26.7031826155606
6411.751063	26.5062111313946
6411.851063	26.3146021345446
6411.951063	26.1281191498958
6412.051063	25.9465265116941
6412.151063	25.7695828726643
6412.251063	25.5970533660152
6412.351063	25.4287328234248
6412.451063	25.264444449371
6412.551063	25.1040011053506
6412.651063	24.9471706838521
6412.751063	24.7936852763472
6412.851063	24.6432387894544
6412.951063	24.495212801472
6413.051063	24.3473712152672
6413.151063	24.1916239790438
6413.251063	24.0033756131754
6413.351063	23.7212222185039
6413.451063	23.2207751202425
6413.551063	22.3027975817535
6413.651063	20.7305164763901
6413.751063	18.336459981468
6413.851063	15.1607539943494
6413.951063	11.521207315226
6414.051063	7.93026466543349
6414.151063	4.88516216216513
6414.251063	2.667749359047
6414.351063	1.28194353427798
6414.451063	0.538951400987652
6414.551063	0.197346927971816
6414.651063	0.0627136479245427
6414.751063	0.017246481844857
6414.851063	0.00409478919652182
6414.951063	0.000837754914578578
6415.051063	0.000147453754228596
6415.151063	2.22975022094092e-05
6415.251063	2.89344161937813e-06
6415.351063	3.21885177081115e-07
6415.451063	3.06722611983536e-08
6415.551063	2.50167967331266e-09
6415.651063	1.74533102380303e-10
6415.751063	1.04083686114365e-11
6415.851063	5.26895801294947e-13
6415.951063	1.67157954145125e-14
6416.051063	-3.48245737802344e-15
6416.151063	-6.96491475604688e-16
6416.251063	3.48245737802344e-16
6416.351063	-7.66140623165157e-15
6416.451063	-1.0099126396268e-14
6416.551063	-2.78596590241875e-15
6416.651063	-4.52719459143047e-15
6416.751063	-2.78596590241875e-15
6416.851063	-6.26842328044219e-15
6416.951063	-4.17894885362813e-15
6417.051063	-2.96008877131992e-15
6417.151063	-1.39298295120938e-15
6417.251063	-1.04473721340703e-15
6417.351063	1.74122868901172e-15
6417.451063	-2.08947442681406e-15
6417.551063	-3.48245737802344e-16
6417.651063	6.96491475604688e-16
6417.751063	-5.22368606703516e-15
6417.851063	0
6417.951063	0
6418.051063	-3.48245737802344e-16
6418.151063	-3.83070311582578e-15
6418.251063	6.26842328044219e-15
6418.351063	4.17894885362813e-15
6418.451063	3.48245737802344e-15
6418.551063	1.39298295120938e-15
6418.651063	2.43772016461641e-15
6418.751063	4.17894885362813e-15
6418.851063	1.74122868901172e-15
6418.951063	1.39298295120938e-15
6419.051063	-1.39298295120938e-15
6419.151063	1.74122868901172e-15
6419.251063	3.48245737802344e-15
6419.351063	2.78596590241875e-15
6419.451063	-3.1342116402211e-15
6419.551063	-2.08947442681406e-15
6419.651063	-4.17894885362813e-15
6419.751063	2.08947442681406e-15
6419.851063	1.04473721340703e-15
6419.951063	6.96491475604688e-16
6420.051063	-2.78596590241875e-15
6420.151063	1.39298295120938e-15
6420.251063	-2.08947442681406e-15
6420.351063	-2.96008877131992e-15
6420.451063	1.74122868901172e-16
6420.551063	-4.70131746033164e-15
6420.651063	-8.7061434450586e-16
6420.751063	-3.48245737802344e-15
6420.851063	-3.1342116402211e-15
6420.951063	-3.1342116402211e-15
6421.051063	-3.83070311582578e-15
6421.151063	-8.00965196945391e-15
6421.251063	-3.1342116402211e-15
6421.351063	-3.1342116402211e-15
6421.451063	-2.78596590241875e-15
6421.551063	-6.26842328044219e-15
6421.651063	-6.96491475604688e-16
6421.751063	-3.48245737802344e-15
6421.851063	-4.17894885362813e-15
6421.951063	6.96491475604688e-16
6422.051063	-3.48245737802344e-15
6422.151063	-9.05438918286094e-15
6422.251063	-5.5719318048375e-15
6422.351063	-7.66140623165157e-15
6422.451063	-2.08947442681406e-15
6422.551063	-4.87544032923282e-15
6422.651063	-4.17894885362813e-15
6422.751063	-2.78596590241875e-15
6422.851063	-5.5719318048375e-15
6422.951063	-8.35789770725626e-15
6423.051063	-6.26842328044219e-15
6423.151063	-4.87544032923282e-15
6423.251063	-4.87544032923282e-15
6423.351063	0
6423.451063	-2.08947442681406e-15
6423.551063	-1.39298295120938e-15
6423.651063	-4.17894885362813e-15
6423.751063	-9.05438918286094e-15
6423.851063	-2.78596590241875e-15
6423.951063	-4.17894885362813e-15
6424.051063	-3.48245737802344e-15
6424.151063	-5.5719318048375e-15
6424.251063	-3.83070311582578e-15
6424.351063	-3.48245737802344e-16
6424.451063	-1.04473721340703e-15
6424.551063	-3.1342116402211e-15
6424.651063	-2.78596590241875e-15
6424.751063	-2.43772016461641e-15
6424.851063	-1.04473721340703e-15
6424.951063	-2.08947442681406e-15
6425.051063	-3.83070311582578e-15
6425.151063	-6.96491475604688e-16
6425.251063	3.48245737802344e-16
6425.351063	-3.48245737802344e-15
6425.451063	-2.08947442681406e-15
6425.551063	3.48245737802344e-16
6425.651063	-1.04473721340703e-15
6425.751063	3.48245737802344e-16
6425.851063	-1.39298295120938e-15
6425.951063	-1.39298295120938e-15
6426.051063	1.39298295120938e-15
6426.151063	-2.78596590241875e-15
6426.251063	-3.1342116402211e-15
6426.351063	-2.43772016461641e-15
6426.451063	-6.96491475604688e-16
6426.551063	-1.39298295120938e-15
6426.651063	-1.74122868901172e-15
6426.751063	-3.1342116402211e-15
6426.851063	-3.1342116402211e-15
6426.951063	-4.17894885362813e-15
6427.051063	-3.83070311582578e-15
6427.151063	-1.39298295120938e-15
6427.251063	-5.22368606703516e-15
6427.351063	-2.78596590241875e-15
