6387.351063	-2.78596590241875e-15
6387.451063	2.78596590241875e-15
6387.551063	4.87544032923282e-15
6387.651063	6.26842328044219e-15
6387.751063	6.96491475604688e-16
6387.851063	2.43772016461641e-15
6387.951063	3.91776455027637e-15
6388.051063	1.27980308642361e-14
6388.151063	1.33421648295523e-14
6388.251063	1.51867789719741e-14
6388.351063	-2.31256935259369e-17
6388.451063	7.78417645757603e-15
6388.551063	3.00045245882521e-15
6388.651063	-1.00125432045603e-15
6388.751063	-5.72896280948634e-15
6388.851063	-5.95471862474968e-15
6388.951063	-9.15215541377296e-15
6389.051063	8.70123212145402e-15
6389.151063	-1.87374152236931e-14
6389.251063	-9.82343159239469e-16
6389.351063	-1.60330548781551e-15
6389.451063	-1.06714068863219e-14
6389.551063	-5.80353564684086e-15
6389.651063	-5.95445776490313e-15
6389.751063	-1.67250101974345e-15
6389.851063	8.85962593725056e-15
6389.951063	-3.09238163416752e-15
6390.051063	5.67792188948022e-16
6390.151063	4.8891244133369e-15
6390.251063	7.4169106227307e-16
6390.351063	-1.4828266752563e-14
6390.451063	2.49376012329957e-15
6390.551063	-7.0278483684868e-15
6390.651063	-1.75246233289905e-14
6390.751063	-1.26800175137961e-14
6390.851063	-4.91987871133067e-15
6390.951063	-1.48431761741346e-14
6391.051063	-1.33064666656949e-14
6391.151063	-9.24245548462334e-15
6391.251063	-1.10037491136061e-14
6391.351063	-1.25001175182255e-14
6391.451063	-4.30954100530401e-15
6391.551063	-1.10132714579991e-14
6391.651063	2.43772016461641e-15
6391.751063	-1.06214950029715e-14
6391.851063	-1.07956178718727e-14
6391.951063	-2.78596590241875e-15
6392.051063	-9.75088065846563e-15
6392.151063	-1.39298295120938e-14
6392.251063	-9.75088065846563e-15
6392.351063	0
6392.451063	0
6392.551063	5.5719318048375e-15
6392.651063	-1.39298295120938e-14
6392.751063	-8.35789770725626e-15
6392.851063	1.1143863609675e-14
6392.951063	-2.78596590241875e-15
6393.051063	2.78596590241875e-15
6393.151063	-8.35789770725626e-15
6393.251063	-5.5719318048375e-15
6393.351063	-1.1143863609675e-14
6393.451063	-1.1143863609675e-14
6393.551063	-5.5719318048375e-15
6393.651063	-1.1143863609675e-14
6393.751063	-5.5719318048375e-15
6393.851063	-1.39298295120938e-14
6393.951063	-1.1143863609675e-14
6394.051063	-1.1143863609675e-14
6394.151063	5.5719318048375e-15
6394.251063	8.35789770725626e-15
6394.351063	-2.78596590241875e-15
6394.451063	-1.67157954145125e-14
6394.551063	-5.5719318048375e-15
6394.651063	-2.228772721935e-14
6394.751063	-2.08947442681406e-14
6394.851063	-6.96491475604688e-15
6394.951063	-1.04473721340703e-14
6395.051063	-1.18403550852797e-14
6395.151063	-9.57675778956446e-15
6395.251063	-3.48245737802344e-15
6395.351063	-2.0132956716698e-14
6395.451063	-8.06406536598553e-15
6395.551063	-1.28633269400741e-14
6395.651063	-1.16444668577659e-14
6395.751063	-5.65882319742393e-15
6395.851063	-7.31254409209164e-15
6395.951063	-1.7252102140269e-15
6396.051063	-6.08613806994826e-15
6396.151063	-7.83144166112319e-15
6396.251063	2.49887868828425e-15
6396.351063	-8.87547863142555e-15
6396.451063	-1.42673774231458e-15
6396.551063	3.26107716359199e-15
6396.651063	5.98849702605041e-15
6396.751063	-3.64372829418799e-15
6396.851063	-7.38948737249217e-15
6396.951063	-1.48373785055073e-14
6397.051063	-6.4570402885724e-15
6397.151063	-2.2319242804438e-15
6397.251063	-6.5184566157661e-15
6397.351063	1.65258605954219e-15
6397.451063	2.57749592913822e-15
6397.551063	5.46065836143967e-15
6397.651063	-5.82431652381092e-16
6397.751063	5.86967585960314e-15
6397.851063	1.39879871699836e-14
6397.951063	6.42990660126393e-15
6398.051063	7.43570772664054e-15
6398.151063	1.10719037692005e-14
6398.251063	5.053876349872e-15
6398.351063	6.65360795632945e-15
6398.451063	8.13220964304817e-15
6398.551063	1.00424174345702e-14
6398.651063	6.70168995032519e-15
6398.751063	2.96553011097309e-16
6398.851063	1.90446887860657e-16
6398.951063	-3.71099364345623e-15
6399.051063	5.72428931512603e-15
6399.151063	2.43772016461641e-15
6399.251063	5.74605467373868e-15
6399.351063	-4.3530717225293e-15
6399.451063	-3.48245737802344e-15
6399.551063	-8.00965196945391e-15
6399.651063	-4.17894885362813e-15
6399.751063	-6.96491475604688e-15
6399.851063	-5.5719318048375e-15
6399.951063	0
6400.051063	-1.39298295120938e-14
6400.151063	-8.35789770725626e-15
6400.251063	4.17894885362813e-15
6400.351063	-9.05438918286094e-15
6400.451063	2.78596590241875e-15
6400.551063	-2.78596590241875e-15
6400.651063	-5.5719318048375e-15
6400.751063	6.96491475604688e-16
6400.851063	-1.95017613169313e-14
6400.951063	-1.67157954145125e-14
6401.051063	-7.66140623165157e-15
6401.151063	-1.04473721340703e-14
6401.251063	-1.81087783657219e-14
6401.351063	-8.35789770725626e-15
6401.451063	2.08947442681406e-15
6401.551063	-9.05438918286094e-15
6401.651063	-6.26842328044219e-15
6401.751063	1.39298295120938e-15
6401.851063	-8.35789770725626e-15
6401.951063	-2.78596590241875e-15
6402.051063	-1.46263209876984e-14
6402.151063	-8.35789770725626e-15
6402.251063	-7.31316049384922e-15
6402.351063	-8.88026631395977e-15
6402.451063	-1.54098738977537e-14
6402.551063	-8.27083627280567e-16
6402.651063	-6.52960758379395e-15
6402.751063	-2.93832341270728e-15
6402.851063	-5.61818319188938e-15
6402.951063	-7.5399963406404e-15
6403.051063	-4.10710616601998e-15
6403.151063	-1.39994404002348e-15
6403.251063	2.15724939420298e-15
6403.351063	1.89954796004939e-15
6403.451063	4.77463161617104e-15
6403.551063	8.24000016306805e-15
6403.651063	3.83366103013124e-15
6403.751063	-5.50102506656044e-15
6403.851063	8.81139754476478e-15
6403.951063	6.33478838726508e-15
6404.051063	5.72869249876504e-15
6404.151063	8.63544763683919e-15
6404.251063	-1.22640241637679e-14
6404.351063	-5.51728921466736e-15
6404.451063	9.78152041693788e-15
6404.551063	3.13854482912839e-15
6404.651063	4.60553905715311e-15
6404.751063	1.79957471586461e-15
6404.851063	-5.56329250991496e-15
6404.951063	1.47729649153446e-15
6405.051063	6.80398555286468e-15
6405.151063	1.07029539028733e-14
6405.251063	-3.20648019304143e-15
6405.351063	4.03405808459901e-15
6405.451063	4.1625140334637e-15
6405.551063	8.33602673670454e-16
6405.651063	-1.0064978535969e-14
6405.751063	-7.8798675166328e-15
6405.851063	-8.38051327518971e-16
6405.951063	6.73433798824416e-15
6406.051063	9.93724654158642e-15
6406.151063	5.53928376691853e-15
6406.251063	-1.59975385802952e-15
6406.351063	-4.37483708114195e-15
6406.451063	-6.87785332159629e-15
6406.551063	-3.78717239860049e-15
6406.651063	-1.02732492651691e-14
6406.751063	-1.68899182834137e-14
6406.851063	6.96491475604688e-16
6406.951063	5.5719318048375e-15
6407.051063	3.48245737802344e-15
6407.151063	2.08947442681406e-15
6407.251063	5.92017754263985e-15
6407.351063	0
6407.451063	1.39298295120938e-15
6407.551063	2.08947442681406e-15
6407.651063	-2.3332464432757e-14
6407.751063	-9.75088065846563e-15
6407.851063	5.22368606703516e-15
6407.951063	-1.04473721340703e-15
6408.051063	1.46263209876984e-14
6408.151063	1.32333380364891e-14
6408.251063	-2.78596590241875e-15
6408.351063	1.1143863609675e-14
6408.451063	-1.28850922986867e-14
6408.551063	-8.00965196945391e-15
6408.651063	-5.92017754263985e-15
6408.751063	1.39298295120938e-15
6408.851063	-2.78596590241875e-15
6408.951063	-2.50736931217688e-14
6409.051063	-2.92526419753969e-14
6409.151063	-2.57701845973735e-14
6409.251063	-1.67157954145125e-14
6409.351063	-1.53228124633031e-14
6409.451063	-1.18403550852797e-14
6409.551063	-4.17894885362813e-15
6409.651063	-1.56710582011055e-14
6409.751063	-1.65416725456113e-14
6409.851063	-1.05344335685209e-14
6409.951063	-1.63022536008722e-14
6410.051063	-9.73455663950615e-15
6410.151063	-2.29080399398104e-15
6410.251063	-1.30905028705936e-14
6410.351063	-2.8099418052655e-16
6410.451063	1.72645630206271e-15
6410.551063	1.4523302187058e-15
6410.651063	-7.31794258916575e-15
6410.751063	-2.03446766886534e-15
6410.851063	-1.71051184676631e-14
6410.951063	-1.48979388948554e-14
6411.051063	-2.83768494830597e-14
6411.151063	7.2743614811675e-15
6411.251063	-5.89700586790705e-15
6411.351063	-1.48523763232032e-14
6411.451063	-1.06637013528402e-14
6411.551063	-2.16740532071805e-14
6411.651063	4.47354528919878e-15
6411.751063	-1.03102711293042e-15
6411.851063	2.22664637678859e-15
6411.951063	3.46314312331211e-15
6412.051063	1.20739207373996e-13
6412.151063	2.65739950053786e-12
6412.251063	5.23319173438333e-11
6412.351063	8.81902833935141e-10
6412.451063	1.2712136370959e-08
6412.551063	1.56864456677837e-07
6412.651063	1.65819754352845e-06
6412.751063	1.50279155326233e-05
6412.851063	0.000116870701304927
6412.951063	0.000780739911825196
6413.051063	0.00448555452385238
6413.151063	0.0221936982202824
6413.251063	0.0947197680417289
6413.351063	0.349356721767838
6413.451063	1.11609526143409
6413.551063	3.09703286183422
6413.651063	7.49055245078765
6413.751063	15.8609584714467
6413.851063	29.5717925220086
6413.951063	48.9093592806202
6414.051063	72.4548629014887
6414.151063	97.3319441553889
6414.251063	120.376404352452
6414.351063	139.497004078881
6414.451063	154.332078799788
6414.551063	165.938776970789
6414.651063	175.994002148649
6414.751063	186.146546967252
6414.851063	197.767270863404
6414.951063	211.892848244939
6415.051063	229.005760632852
6415.151063	248.502027703011
6415.251063	268.152878525346
6415.351063	284.230467982471
6415.451063	292.743313686755
6415.551063	291.322089782734
6415.651063	280.492662523895
6415.751063	263.353122460555
6415.851063	243.917921005004
6415.951063	225.347893802469
6416.051063	209.060848927562
6416.151063	194.786459769906
6416.251063	181.052426823892
6416.351063	165.754480326632
6416.451063	146.881311314733
6416.551063	123.487015791764
6416.651063	96.5377142087041
6416.751063	68.9097528575367
6416.851063	44.231513185285
6416.951063	25.2207693670894
6417.051063	12.6552714752134
6417.151063	5.54830404457482
6417.251063	2.11382338907482
6417.351063	0.696960980074072
6417.451063	0.198250061854646
6417.551063	0.0485322599022978
6417.651063	0.0102056565550991
6417.751063	0.00184077702950032
6417.851063	0.000284446755331066
6417.951063	3.76211596033742e-05
6418.051063	4.2556473762181e-06
6418.151063	4.11466096372884e-07
6418.251063	3.3987474459813e-08
6418.351063	2.39741889656536e-09
6418.451063	1.4434890249803e-10
6418.551063	7.42588263991483e-12
6418.651063	3.19895096977485e-13
6418.751063	2.30115415485421e-14
6418.851063	1.27808717002468e-14
6418.951063	-8.9414181511174e-15
6419.051063	4.1961830462872e-15
6419.151063	8.48886584881721e-15
6419.251063	9.0912223479796e-15
6419.351063	-3.01335183238627e-15
6419.451063	3.64769086723638e-15
6419.551063	4.59249472776824e-15
6419.651063	7.68615081099602e-15
6419.751063	3.8760849817039e-15
6419.851063	1.14511126901859e-14
6419.951063	7.61152673822825e-15
6420.051063	-3.21378791151843e-16
6420.151063	1.65896163805924e-15
6420.251063	1.15711044209968e-14
6420.351063	9.39026437504555e-15
6420.451063	1.92181314875102e-15
6420.551063	4.33266669882994e-15
6420.651063	6.48335619674208e-15
6420.751063	-4.36395440183562e-15
6420.851063	-4.83190961200752e-15
6420.951063	2.43772016461641e-15
6421.051063	-5.92017754263985e-15
6421.151063	-4.87544032923282e-15
6421.251063	-1.74122868901172e-14
6421.351063	-9.05438918286094e-15
6421.451063	-1.1143863609675e-14
6421.551063	-1.25368465608844e-14
6421.651063	-5.5719318048375e-15
6421.751063	-6.96491475604688e-15
6421.851063	1.25368465608844e-14
6421.951063	6.96491475604688e-15
6422.051063	-1.39298295120938e-15
6422.151063	1.1143863609675e-14
6422.251063	-8.35789770725626e-15
6422.351063	-5.5719318048375e-15
6422.451063	8.35789770725626e-15
6422.551063	8.35789770725626e-15
6422.651063	5.5719318048375e-15
6422.751063	5.5719318048375e-15
6422.851063	0
6422.951063	2.78596590241875e-15
6423.051063	1.1143863609675e-14
6423.151063	2.78596590241875e-15
6423.251063	-2.78596590241875e-15
6423.351063	8.35789770725626e-15
6423.451063	1.1143863609675e-14
6423.551063	-6.96491475604688e-15
6423.651063	1.67157954145125e-14
6423.751063	-5.5719318048375e-15
6423.851063	3.48245737802344e-16
6423.951063	9.75088065846563e-15
6424.051063	1.39298295120938e-15
6424.151063	-6.61666901824454e-15
6424.251063	2.87302733686934e-15
6424.351063	2.91655805409463e-15
6424.451063	-2.93832341270728e-15
6424.551063	5.19103802911619e-15
6424.651063	1.39842429086254e-15
6424.751063	3.50966407628925e-16
6424.851063	6.5860614826955e-15
6424.951063	-3.02789296465424e-15
6425.051063	-4.89919305213285e-15
6425.151063	6.73200389796813e-15
6425.251063	8.79756286650435e-15
6425.351063	-3.66768375025094e-15
6425.451063	7.31614436453825e-15
6425.551063	9.44212408551551e-15
6425.651063	1.44075887464158e-15
6425.751063	3.69293653015647e-15
6425.851063	1.26449180632004e-14
6425.951063	7.46819208975967e-15
6426.051063	1.17775947178139e-14
6426.151063	4.75540246697646e-15
6426.251063	6.45961593787619e-15
6426.351063	1.46631393452245e-14
6426.451063	1.54727248306678e-14
6426.551063	1.07025433278877e-14
6426.651063	3.14594681358417e-15
6426.751063	6.95175273128154e-15
6426.851063	7.01269529893291e-15
6426.951063	6.10550482611702e-15
6427.051063	5.93532065406728e-15
6427.151063	-2.69577060414368e-15
6427.251063	-2.00062636963717e-15
6427.351063	-8.56525778256668e-16
