6387.351063	0.0426974625180752
6387.451063	0.0975312847603272
6387.551063	0.197464595224377
6387.651063	0.357102570958045
6387.751063	0.58237421416812
6387.851063	0.866354887046123
6387.951063	1.19120208882564
6388.051063	1.5353767219255
6388.151063	1.88135101435504
6388.251063	2.21932065761269
6388.351063	2.54625949613137
6388.451063	2.86282299884679
6388.551063	3.1707311058213
6388.651063	3.47157713383961
6388.751063	3.76671972296522
6388.851063	4.05767346099483
6388.951063	4.34660298758824
6389.051063	4.63664213970054
6389.151063	4.93185628217499
6389.251063	5.23684743750053
6389.351063	5.55604717679454
6389.451063	5.89246369367809
6389.551063	6.24551792328287
6389.651063	6.60844612715285
6389.751063	6.9672854609946
6389.851063	7.30372083596627
6389.951063	7.60158544825106
6390.051063	7.85335134324809
6390.151063	8.06229264283682
6390.251063	8.23926890476683
6390.351063	8.39702518126669
6390.451063	8.5458425207168
6390.551063	8.69220928700821
6390.651063	8.83964693077519
6390.751063	8.98997090192607
6390.851063	9.14396717989441
6390.951063	9.30150155415867
6391.051063	9.46156787588892
6391.151063	9.62260032230109
6391.251063	9.78291870215822
6391.351063	9.94092824458171
6391.451063	10.0948564031366
6391.551063	10.2422134336033
6391.651063	10.3794869845016
6391.751063	10.5025615987595
6391.851063	10.607913974173
6391.951063	10.6940075978795
6392.051063	10.7620132723308
6392.151063	10.8153725490369
6392.251063	10.858516125587
6392.351063	10.8955392081885
6392.451063	10.9294536676256
6392.551063	10.9620961400301
6392.651063	10.9944007316236
6392.751063	11.0267310475992
6392.851063	11.0591350489943
6392.951063	11.0915226693239
6393.051063	11.1238033543731
6393.151063	11.1560045742943
6393.251063	11.1883819963481
6393.351063	11.2215383774299
6393.451063	11.2565474113698
6393.551063	11.2949911333155
6393.651063	11.338724873159
6393.751063	11.3892476822737
6393.851063	11.4468639053084
6393.951063	11.5101566006339
6394.051063	11.5762522939216
6394.151063	11.6418340233127
6394.251063	11.7042995953383
6394.351063	11.7624051056938
6394.451063	11.8161887476408
6394.551063	11.8664530386946
6394.651063	11.9142144372206
6394.751063	11.9603570011812
6394.851063	12.005508902541
6394.951063	12.0500526277211
6395.051063	12.0941798143059
6395.151063	12.1379470548378
6395.251063	12.1813262108311
6395.351063	12.2242520382236
6395.451063	12.2666632582426
6395.551063	12.3085294242331
6395.651063	12.3498616699426
6395.751063	12.3907223118165
6395.851063	12.4312763651202
6395.951063	12.4719474809685
6396.051063	12.5137048169341
6396.151063	12.5583777239382
6396.251063	12.6087158182063
6396.351063	12.6678616320078
6396.451063	12.7381897132575
6396.551063	12.8200262655537
6396.651063	12.9111090722593
6396.751063	13.0072880909588
6396.851063	13.1040833979213
6396.951063	13.1981233276145
6397.051063	13.2877274150603
6397.151063	13.3726382631985
6397.251063	13.4534040554391
6397.351063	13.5308701969139
6397.451063	13.605927452205
6397.551063	13.6794340166631
6397.651063	13.7521691224918
6397.751063	13.8247138790612
6397.851063	13.8972474920267
6397.951063	13.9693777300805
6398.051063	14.0402123092437
6398.151063	14.1088108389158
6398.251063	14.1749449813668
6398.351063	14.2398958643784
6398.451063	14.3069431094756
6398.551063	14.3811926422218
6398.651063	14.4684450002462
6398.751063	14.5731552006515
6398.851063	14.6962726521696
6398.951063	14.8342984042214
6399.051063	14.9804157620161
6399.151063	15.1271314938027
6399.251063	15.2687882127813
6399.351063	15.4026241500991
6399.451063	15.5283229995263
6399.551063	15.6469150778193
6399.651063	15.7598416137997
6399.751063	15.8684425007363
6399.851063	15.9737677356109
6399.951063	16.0766249030033
6400.051063	16.1779167291847
6400.151063	16.279354429129
6400.251063	16.3844750835674
6400.351063	16.4995369306194
6400.451063	16.6334358173257
6400.551063	16.7957516142398
6400.651063	16.9929907125532
6400.751063	17.2247957590169
6400.851063	17.4827851471901
6400.951063	17.7533233136265
6401.051063	18.0226941439051
6401.151063	18.2814960446434
6401.251063	18.5261369681284
6401.351063	18.757808215823
6401.451063	18.9809016977354
6401.551063	19.2025933779996
6401.651063	19.4339627581106
6401.751063	19.6914450086958
6401.851063	19.9961991933732
6401.951063	20.3691814733197
6402.051063	20.8225411602524
6402.151063	21.352415805247
6402.251063	21.9402524071642
6402.351063	22.566110560782
6402.451063	23.2295631880799
6402.551063	23.9663186992522
6402.651063	24.8446488219323
6402.751063	25.9287300716236
6402.851063	27.2131962097532
6402.951063	28.5640940214914
6403.051063	29.7213269943799
6403.151063	30.3911887986888
6403.251063	30.3873797405474
6403.351063	29.7263446782921
6403.451063	28.6090540687075
6403.551063	27.309141846094
6403.651063	26.0522967395815
6403.751063	24.9581260827239
6403.851063	24.0522069175716
6403.951063	23.309618154422
6404.051063	22.6917257205354
6404.151063	22.1639013607198
6404.251063	21.7006830765722
6404.351063	21.2864258356516
6404.451063	20.9136772322288
6404.551063	20.5791001866659
6404.651063	20.278745910868
6404.751063	20.0059254543598
6404.851063	19.7529851710257
6404.951063	19.5148642042661
6405.051063	19.2909064124245
6405.151063	19.0831804684589
6405.251063	18.892643076198
6405.351063	18.7161861789592
6405.451063	18.5468072144482
6405.551063	18.3767384083078
6405.651063	18.2012856227153
6405.751063	18.0208234853971
6405.851063	17.839883913299
6405.951063	17.6642551961215
6406.051063	17.4980234498795
6406.151063	17.3420791746196
6406.251063	17.1944414448603
6406.351063	17.0517850199926
6406.451063	16.9112365675555
6406.551063	16.7716635102393
6406.651063	16.6340006143523
6406.751063	16.5005551770894
6406.851063	16.3736948241412
6406.951063	16.2546479845251
6407.051063	16.1430493643384
6407.151063	16.0373600257191
6407.251063	15.9357753535069
6407.351063	15.8370773666833
6407.451063	15.7410939596813
6407.551063	15.648721017896
6407.651063	15.561630511193
6407.751063	15.4818207448759
6407.851063	15.4111204919743
6407.951063	15.3506551959408
6408.051063	15.3002056417472
6408.151063	15.2575232679352
6408.251063	15.2180240099983
6408.351063	15.1754625247558
6408.451063	15.1237251600133
6408.551063	15.0589630655641
6408.651063	14.9808107003497
6408.751063	14.892008825866
6408.851063	14.7968766143812
6408.951063	14.6996890760888
6409.051063	14.6036994606379
6409.151063	14.5108504084843
6409.251063	14.421851255822
6409.351063	14.3363994392675
6409.451063	14.25354833502
6409.551063	14.1722632824646
6409.651063	14.0920625951913
6409.751063	14.013505848965
6409.851063	13.938311856634
6409.951063	13.8690472474588
6410.051063	13.8085168269315
6410.151063	13.7591094738689
6410.251063	13.7223263585984
6410.351063	13.6985032978482
6410.451063	13.6864798656625
6410.551063	13.6830148619751
6410.651063	13.6822771974451
6410.751063	13.6762746092893
6410.851063	13.6567579668143
6410.951063	13.6178674430522
6411.051063	13.5578260545329
6411.151063	13.4786150129888
6411.251063	13.3842887469166
6411.351063	13.2795526888845
6411.451063	13.1694994724507
6411.551063	13.0599685855766
6411.651063	12.9573982875663
6411.751063	12.8677273803676
6411.851063	12.7950964211505
6411.951063	12.7416355260546
6412.051063	12.7088162459749
6412.151063	12.6990411238484
6412.251063	12.7149180825102
6412.351063	12.7548857461067
6412.451063	12.8075535212847
6412.551063	12.8501899077464
6412.651063	12.8552601813054
6412.751063	12.8027482184764
6412.851063	12.690627265696
6412.951063	12.5368519013826
6413.051063	12.3726056533225
6413.151063	12.2312068059352
6413.251063	12.135143735247
6413.351063	12.0789745749686
6413.451063	12.0077648623155
6413.551063	11.8031108459601
6413.651063	11.3002863898087
6413.751063	10.350760391168
6413.851063	8.90936757067661
6413.951063	7.09127249347137
6414.051063	5.14924123869567
6414.151063	3.37389872456159
6414.251063	1.97707271115184
6414.351063	1.02861761254087
6414.451063	0.472293779823159
6414.551063	0.190420661042885
6414.651063	0.0671308111006058
6414.751063	0.0206196222811605
6414.851063	0.00550134333565927
6414.951063	0.00127162123628286
6415.051063	0.000254085906449121
6415.151063	4.38030720145093e-05
6415.251063	6.50444573922857e-06
6415.351063	8.30757154383953e-07
6415.451063	9.11494525984323e-08
6415.551063	8.58180578683365e-09
6415.651063	6.92687674472107e-10
6415.751063	4.78930174598741e-11
6415.851063	2.83384969136657e-12
6415.951063	1.41648953851103e-13
6416.051063	6.35548471489278e-15
6416.151063	-1.56710582011055e-15
6416.251063	-2.61184303351758e-16
6416.351063	-1.69769797178643e-15
6416.451063	-3.91776455027637e-15
6416.551063	-2.08947442681406e-15
6416.651063	-2.08947442681406e-15
6416.751063	0
6416.851063	-5.5719318048375e-15
6416.951063	-6.96491475604688e-16
6417.051063	-2.43772016461641e-15
6417.151063	-1.04473721340703e-15
6417.251063	6.96491475604688e-16
6417.351063	-1.39298295120938e-15
6417.451063	0
6417.551063	0
6417.651063	6.96491475604688e-16
6417.751063	-1.39298295120938e-15
6417.851063	-4.17894885362813e-15
6417.951063	6.96491475604688e-16
6418.051063	2.43772016461641e-15
6418.151063	-6.96491475604688e-16
6418.251063	0
6418.351063	3.48245737802344e-16
6418.451063	2.08947442681406e-15
6418.551063	3.48245737802344e-15
6418.651063	1.04473721340703e-15
6418.751063	1.74122868901172e-15
6418.851063	1.04473721340703e-15
6418.951063	1.74122868901172e-16
6419.051063	-2.61184303351758e-15
6419.151063	6.96491475604688e-16
6419.251063	-5.22368606703516e-16
6419.351063	-1.56710582011055e-15
6419.451063	-1.74122868901172e-15
6419.551063	-1.56710582011055e-15
6419.651063	-3.1342116402211e-15
6419.751063	3.48245737802344e-16
6419.851063	8.7061434450586e-16
6419.951063	-1.74122868901172e-16
6420.051063	1.04473721340703e-15
6420.151063	-2.61184303351758e-16
6420.251063	0
6420.351063	-1.30592151675879e-15
6420.451063	5.22368606703516e-16
6420.551063	5.22368606703516e-16
6420.651063	1.2188600823082e-15
6420.751063	-2.61184303351758e-15
6420.851063	-2.61184303351758e-15
6420.951063	-1.30592151675879e-15
6421.051063	-3.04715020577051e-15
6421.151063	6.96491475604688e-16
6421.251063	-6.09430041154102e-16
6421.351063	-5.22368606703516e-16
6421.451063	-1.74122868901172e-15
6421.551063	-1.74122868901172e-15
6421.651063	-1.2188600823082e-15
6421.751063	-2.08947442681406e-15
6421.851063	-1.2188600823082e-15
6421.951063	-6.96491475604688e-16
6422.051063	-5.22368606703516e-16
6422.151063	-8.7061434450586e-16
6422.251063	1.74122868901172e-16
6422.351063	-6.96491475604688e-16
6422.451063	1.74122868901172e-16
6422.551063	-1.39298295120938e-15
6422.651063	3.48245737802344e-16
6422.751063	-8.7061434450586e-16
6422.851063	5.22368606703516e-16
6422.951063	-6.96491475604688e-16
6423.051063	1.2188600823082e-15
6423.151063	1.74122868901172e-16
6423.251063	0
6423.351063	6.96491475604688e-16
6423.451063	0
6423.551063	-1.74122868901172e-16
6423.651063	0
6423.751063	-6.96491475604688e-16
6423.851063	3.48245737802344e-16
6423.951063	-1.04473721340703e-15
6424.051063	3.1342116402211e-15
6424.151063	-2.78596590241875e-15
6424.251063	1.39298295120938e-15
6424.351063	-3.48245737802344e-16
6424.451063	-1.04473721340703e-15
6424.551063	0
6424.651063	3.48245737802344e-16
6424.751063	6.96491475604688e-16
6424.851063	3.1342116402211e-15
6424.951063	2.08947442681406e-15
6425.051063	0
6425.151063	-6.96491475604688e-16
6425.251063	6.96491475604688e-16
6425.351063	1.04473721340703e-15
6425.451063	-2.08947442681406e-15
6425.551063	-3.48245737802344e-16
6425.651063	6.96491475604688e-16
6425.751063	-6.96491475604688e-16
6425.851063	1.04473721340703e-15
6425.951063	-6.96491475604688e-16
6426.051063	3.48245737802344e-16
6426.151063	-6.96491475604688e-16
6426.251063	-6.96491475604688e-16
6426.351063	-1.04473721340703e-15
6426.451063	1.39298295120938e-15
6426.551063	-6.96491475604688e-16
6426.651063	-1.39298295120938e-15
6426.751063	-1.74122868901172e-15
6426.851063	-2.43772016461641e-15
6426.951063	-3.1342116402211e-15
6427.051063	6.96491475604688e-16
6427.151063	1.74122868901172e-16
6427.251063	-1.39298295120938e-15
6427.351063	-1.04473721340703e-15
