6387.351063	3.48245737802344e-15
6387.451063	4.17894885362813e-15
6387.551063	1.1143863609675e-14
6387.651063	-2.78596590241875e-15
6387.751063	1.03167799823944e-14
6387.851063	3.83070311582578e-15
6387.951063	4.04291536229909e-15
6388.051063	1.52493543779855e-15
6388.151063	-6.76766619361977e-17
6388.251063	2.39214894502118e-15
6388.351063	-5.67119374304166e-15
6388.451063	2.03655952421037e-15
6388.551063	-1.45936181511318e-14
6388.651063	4.09063394162713e-16
6388.751063	-3.59510040391385e-15
6388.851063	-7.71663322074667e-15
6388.951063	-3.43612495752409e-15
6389.051063	-4.8195607898679e-15
6389.151063	-1.31586092524428e-14
6389.251063	2.6913367927136e-15
6389.351063	-6.31490420731643e-15
6389.451063	-9.99816003127606e-15
6389.551063	-8.48113173523631e-15
6389.651063	2.41880187517231e-15
6389.751063	4.16741332254702e-15
6389.851063	1.13018615510778e-14
6389.951063	3.02766342780137e-15
6390.051063	-4.59749235037227e-15
6390.151063	-3.17594137053045e-15
6390.251063	-1.04878723915071e-15
6390.351063	-5.45360881718844e-15
6390.451063	9.32759337133465e-16
6390.551063	9.99763332968432e-16
6390.651063	-4.71579300931302e-15
6390.751063	9.18001370869482e-15
6390.851063	1.48209592040915e-15
6390.951063	-4.18939995207024e-15
6391.051063	5.9292043744131e-15
6391.151063	1.14479037766037e-14
6391.251063	4.91412485332951e-15
6391.351063	1.40957903715152e-14
6391.451063	1.36441591803028e-14
6391.551063	1.53228124633031e-14
6391.651063	1.31898073192638e-14
6391.751063	2.05464985303383e-14
6391.851063	1.04473721340703e-14
6391.951063	1.1143863609675e-14
6392.051063	2.15912357437453e-14
6392.151063	1.39298295120938e-14
6392.251063	8.35789770725626e-15
6392.351063	2.78596590241875e-15
6392.451063	2.78596590241875e-15
6392.551063	-5.5719318048375e-15
6392.651063	-5.5719318048375e-15
6392.751063	-5.5719318048375e-15
6392.851063	1.67157954145125e-14
6392.951063	-1.1143863609675e-14
6393.051063	-1.1143863609675e-14
6393.151063	-1.39298295120938e-14
6393.251063	1.1143863609675e-14
6393.351063	0
6393.451063	-8.35789770725626e-15
6393.551063	-2.78596590241875e-15
6393.651063	-2.78596590241875e-15
6393.751063	-1.39298295120938e-14
6393.851063	-8.35789770725626e-15
6393.951063	-1.1143863609675e-14
6394.051063	-1.95017613169313e-14
6394.151063	2.78596590241875e-15
6394.251063	-1.39298295120938e-14
6394.351063	-5.5719318048375e-15
6394.451063	-1.25368465608844e-14
6394.551063	-1.1143863609675e-14
6394.651063	-7.66140623165157e-15
6394.751063	1.04473721340703e-15
6394.851063	-9.75088065846563e-15
6394.951063	-1.6193426807809e-14
6395.051063	-1.68899182834137e-14
6395.151063	-1.46263209876984e-14
6395.251063	-4.79382023443539e-15
6395.351063	1.57662816450358e-15
6395.451063	-6.61700910197286e-15
6395.551063	-4.70565352786776e-15
6395.651063	-2.02739107944712e-14
6395.751063	-1.01360733050653e-14
6395.851063	-2.19098623143341e-14
6395.951063	-1.40394059257481e-14
6396.051063	-8.11270260883516e-15
6396.151063	-1.60883167210211e-14
6396.251063	-2.08222781505427e-14
6396.351063	-3.38897379864028e-15
6396.451063	-7.56271898367048e-15
6396.551063	-1.94135348856134e-14
6396.651063	-7.77633126782899e-15
6396.751063	-9.91962645716999e-15
6396.851063	-6.58064699892695e-15
6396.951063	-7.78992058622586e-15
6397.051063	-1.15289294702717e-14
6397.151063	-5.69955940843949e-15
6397.251063	-8.88985827551605e-15
6397.351063	-3.4891084118958e-15
6397.451063	3.3998965375482e-17
6397.551063	5.81902404393562e-15
6397.651063	3.05839623137938e-15
6397.751063	8.44003956097365e-15
6397.851063	8.64332068759194e-15
6397.951063	-1.944917653126e-15
6398.051063	-6.28346290761064e-15
6398.151063	-1.3981661326692e-15
6398.251063	-1.14773739081014e-14
6398.351063	-1.62177474439663e-14
6398.451063	-1.06668975091546e-14
6398.551063	-1.446875594532e-15
6398.651063	-1.64247262535344e-14
6398.751063	-1.70779845851761e-14
6398.851063	-1.10513608355713e-14
6398.951063	-4.5652839690026e-15
6399.051063	-7.07374154911011e-15
6399.151063	-8.22730555558038e-15
6399.251063	-1.00120649618174e-14
6399.351063	-1.56710582011055e-14
6399.451063	-8.00965196945391e-15
6399.551063	-1.46263209876984e-14
6399.651063	-1.1143863609675e-14
6399.751063	-2.92526419753969e-14
6399.851063	-3.3431590829025e-14
6399.951063	0
6400.051063	-2.36807101705594e-14
6400.151063	-2.36807101705594e-14
6400.251063	4.17894885362813e-15
6400.351063	-1.67157954145125e-14
6400.451063	-1.39298295120938e-14
6400.551063	-1.18403550852797e-14
6400.651063	-2.08947442681406e-15
6400.751063	-6.96491475604688e-15
6400.851063	-1.32333380364891e-14
6400.951063	-9.05438918286094e-15
6401.051063	8.35789770725626e-15
6401.151063	-3.48245737802344e-15
6401.251063	-6.96491475604688e-15
6401.351063	4.87544032923282e-15
6401.451063	0
6401.551063	-1.2188600823082e-14
6401.651063	-1.1143863609675e-14
6401.751063	-2.1242990005943e-14
6401.851063	-2.43772016461641e-15
6401.951063	-7.66140623165157e-15
6402.051063	-1.39298295120938e-15
6402.151063	1.2188600823082e-15
6402.251063	-7.13903762494805e-15
6402.351063	-9.46793099650123e-15
6402.451063	-1.15356400647026e-14
6402.551063	-3.74092101154862e-15
6402.651063	-1.58601447540528e-14
6402.751063	-1.97299574986357e-15
6402.851063	-7.64899317556779e-15
6402.951063	8.77606253407843e-15
6403.051063	-7.11241411713824e-15
6403.151063	-1.11079980608576e-15
6403.251063	1.38266187501301e-15
6403.351063	5.38358578088743e-15
6403.451063	1.43666877851061e-15
6403.551063	1.05569741796372e-15
6403.651063	-1.04694329410536e-15
6403.751063	-3.88310925415331e-15
6403.851063	2.915887702618e-15
6403.951063	-2.79312797220307e-15
6404.051063	-1.95142178641981e-15
6404.151063	-2.33021173080745e-15
6404.251063	6.02591606460868e-15
6404.351063	1.42471750948067e-14
6404.451063	5.78436084439167e-16
6404.551063	-5.05041808568608e-15
6404.651063	2.35308157473635e-15
6404.751063	7.60106220589867e-15
6404.851063	1.02235487872112e-14
6404.951063	1.23254931994729e-14
6405.051063	1.4377383291996e-14
6405.151063	6.49279060823749e-15
6405.251063	-1.88987179431736e-15
6405.351063	3.96661714052453e-15
6405.451063	1.73082920560263e-16
6405.551063	2.0150583615019e-15
6405.651063	-1.06706434118614e-15
6405.751063	1.4577869019803e-14
6405.851063	9.08529429167226e-15
6405.951063	6.43289627355221e-16
6406.051063	-9.39974420897255e-15
6406.151063	-4.77477554564933e-16
6406.251063	1.18349137456265e-15
6406.351063	-4.18983153293445e-16
6406.451063	-7.1608029835607e-15
6406.551063	-2.65537375074287e-15
6406.651063	-9.57675778956446e-16
6406.751063	-4.87544032923282e-15
6406.851063	6.09430041154102e-15
6406.951063	1.74122868901172e-15
6407.051063	-3.48245737802344e-16
6407.151063	1.95017613169313e-14
6407.251063	4.87544032923282e-15
6407.351063	2.71631675485828e-14
6407.451063	-1.32333380364891e-14
6407.551063	-1.1143863609675e-14
6407.651063	-1.74122868901172e-14
6407.751063	-1.1143863609675e-14
6407.851063	1.04473721340703e-15
6407.951063	-1.77605326279195e-14
6408.051063	4.52719459143047e-15
6408.151063	1.18403550852797e-14
6408.251063	-2.08947442681406e-14
6408.351063	-1.32333380364891e-14
6408.451063	-1.70640411523149e-14
6408.551063	-3.48245737802344e-16
6408.651063	8.35789770725626e-15
6408.751063	-2.78596590241875e-15
6408.851063	-6.44254614934336e-15
6408.951063	-4.3530717225293e-15
6409.051063	-1.07956178718727e-14
6409.151063	-1.53228124633031e-14
6409.251063	-1.60193039389078e-14
6409.351063	-1.81087783657219e-14
6409.451063	-1.14921093474774e-14
6409.551063	-1.66287339800619e-14
6409.651063	-2.78596590241875e-14
6409.751063	-2.9122049823721e-14
6409.851063	-7.22609905939864e-15
6409.951063	-1.26960057457394e-14
6410.051063	-1.4839893569085e-14
6410.151063	-1.31887870680788e-14
6410.251063	-1.64466616540112e-15
6410.351063	-6.07978972964857e-15
6410.451063	-7.0994665251553e-15
6410.551063	2.31016595448265e-15
6410.651063	-1.74428789772217e-14
6410.751063	-4.3739451822321e-15
6410.851063	-2.41074882800469e-14
6410.951063	-6.57117602177105e-15
6411.051063	-8.46504063803377e-15
6411.151063	2.14594233552998e-14
6411.251063	-1.5688737326532e-15
6411.351063	-1.1965248005212e-15
6411.451063	5.77896548191224e-15
6411.551063	7.01176338558234e-15
6411.651063	4.69497954363712e-15
6411.751063	1.05429447653911e-14
6411.851063	7.84914909343256e-16
6411.951063	-1.12581582248626e-14
6412.051063	1.50015026636199e-15
6412.151063	2.5457942302212e-14
6412.251063	5.22198843899987e-13
6412.351063	1.20628357878411e-11
6412.451063	2.34954746594791e-10
6412.551063	3.91285111950817e-09
6412.651063	5.56595352349363e-08
6412.751063	6.76528028717289e-07
6412.851063	7.03008884137636e-06
6412.951063	6.24946511049078e-05
6413.051063	0.000475633037500319
6413.151063	0.00310217576261095
6413.251063	0.0173597361005431
6413.351063	0.0834729112158311
6413.451063	0.345524087984478
6413.551063	1.23410188799734
6413.651063	3.81444137911156
6413.751063	10.2400618303753
6413.851063	23.9842888795294
6413.951063	49.2818693221494
6414.051063	89.4134279528533
6414.151063	144.307707038729
6414.251063	208.86506217919
6414.351063	273.425046613168
6414.451063	326.629455163756
6414.551063	359.446518946301
6414.651063	368.39077917117
6414.751063	356.351003085866
6414.851063	330.693534164471
6414.951063	299.826566987809
6415.051063	270.193201723412
6415.151063	245.056651212622
6415.251063	225.02690579122
6415.351063	209.32131072795
6415.451063	196.817748838152
6415.551063	186.565289240146
6415.651063	177.874899359168
6415.751063	170.208221360565
6415.851063	162.990221081554
6415.951063	155.40331441974
6416.051063	146.259323594207
6416.151063	134.131764366908
6416.251063	117.893047513108
6416.351063	97.5070405505608
6416.451063	74.5408528976081
6416.551063	51.8367640577849
6416.651063	32.3588432297233
6416.751063	17.9406989095504
6416.851063	8.76110802593341
6416.951063	3.74404788962262
6417.051063	1.39315816277153
6417.151063	0.449598213152631
6417.251063	0.125447231223336
6417.351063	0.0301876663009408
6417.451063	0.00625256529350118
6417.551063	0.00111285144165104
6417.651063	0.000169974357646902
6417.751063	2.22543437656603e-05
6417.851063	2.49534375435351e-06
6417.951063	2.39439128089106e-07
6418.051063	1.9648415484477e-08
6418.151063	1.37814587845082e-09
6418.251063	8.25996001216865e-11
6418.351063	4.25015951009569e-12
6418.451063	1.67385337570321e-13
6418.551063	1.49849465501268e-14
6418.651063	9.78387370253018e-15
6418.751063	1.80323620086417e-14
6418.851063	1.06764142654952e-14
6418.951063	4.72906005098173e-15
6419.051063	7.3532052775596e-15
6419.151063	1.80104173032901e-14
6419.251063	1.06561849181673e-14
6419.351063	1.30524626814152e-16
6419.451063	-1.18532594490101e-15
6419.551063	3.48488334907586e-15
6419.651063	-1.47115112525268e-14
6419.751063	-1.74336228898039e-15
6419.851063	5.87237234724804e-16
6419.951063	5.60214949030117e-15
6420.051063	-1.56703791337732e-15
6420.151063	-3.16977662675907e-15
6420.251063	7.40871737924756e-16
6420.351063	2.27844407597982e-15
6420.451063	-8.02729381286065e-15
6420.551063	-5.22232573212187e-15
6420.651063	-1.54493236102391e-14
6420.751063	-6.9621940862203e-15
6420.851063	-1.78475940623701e-14
6420.951063	-9.22851205176212e-15
6421.051063	-1.65416725456113e-14
6421.151063	-1.41039523809949e-14
6421.251063	-2.29842186949547e-14
6421.351063	-9.75088065846563e-15
6421.451063	-6.96491475604688e-15
6421.551063	-2.78596590241875e-15
6421.651063	-1.1143863609675e-14
6421.751063	-1.1143863609675e-14
6421.851063	1.39298295120938e-14
6421.951063	5.5719318048375e-15
6422.051063	-8.35789770725626e-15
6422.151063	1.1143863609675e-14
6422.251063	-5.5719318048375e-15
6422.351063	5.5719318048375e-15
6422.451063	-8.35789770725626e-15
6422.551063	-1.1143863609675e-14
6422.651063	2.78596590241875e-15
6422.751063	6.96491475604688e-15
6422.851063	-2.78596590241875e-15
6422.951063	9.75088065846563e-15
6423.051063	1.39298295120938e-15
6423.151063	1.81087783657219e-14
6423.251063	-5.5719318048375e-15
6423.351063	2.78596590241875e-15
6423.451063	1.1143863609675e-14
6423.551063	0
6423.651063	2.0198252792536e-14
6423.751063	-4.17894885362813e-15
6423.851063	3.83070311582578e-15
6423.951063	7.66140623165157e-15
6424.051063	3.96129526750166e-15
6424.151063	-1.17532936508291e-15
6424.251063	-5.65899323928809e-16
6424.351063	-2.20918389918362e-15
6424.451063	-7.16216331847399e-15
6424.551063	-2.68088003036707e-15
6424.651063	3.14126837758379e-15
6424.751063	-8.52109538638507e-15
6424.851063	-9.7905854337473e-16
6424.951063	8.78241984142955e-15
6425.051063	8.12253012617034e-15
6425.151063	5.72591074276251e-15
6425.251063	5.06400090792106e-15
6425.351063	-7.25805435424269e-15
6425.451063	5.28698386954275e-15
6425.551063	5.24112002082513e-15
6425.651063	-3.21688607978185e-15
6425.751063	-4.54862936105257e-16
6425.851063	4.45811525589299e-15
6425.951063	6.48012037335213e-15
6426.051063	-4.50708489204686e-15
6426.151063	9.88516027847437e-15
6426.251063	1.14052595899849e-14
6426.351063	2.10679074986191e-15
6426.451063	-1.0768760913927e-14
6426.551063	3.24657585681432e-15
6426.651063	-8.31271110946174e-15
6426.751063	3.57515431163261e-15
6426.851063	3.44579621442656e-15
6426.951063	-2.21472763646898e-15
6427.051063	2.99845651348366e-15
6427.151063	7.56660482414711e-15
6427.251063	-1.61789485993694e-14
6427.351063	-1.5292616945086e-14
