6387.351063	8.35789770725626e-15
6387.451063	1.60193039389078e-14
6387.551063	6.96491475604688e-15
6387.651063	5.92017754263985e-15
6387.751063	9.75088065846563e-15
6387.851063	9.9685342445921e-15
6387.951063	6.76902652853306e-15
6388.051063	3.89599919166372e-15
6388.151063	1.17757391768984e-14
6388.251063	1.10297655188228e-14
6388.351063	1.25609499951292e-14
6388.451063	6.81809423396011e-15
6388.551063	-2.72134268755111e-15
6388.651063	3.70936512728257e-15
6388.751063	3.37876213581922e-15
6388.851063	-3.75946047211187e-15
6388.951063	-2.22796845315255e-15
6389.051063	2.01116971278365e-15
6389.151063	-5.43828780359483e-15
6389.251063	-2.68519061741902e-15
6389.351063	-5.39414554059793e-15
6389.451063	-1.16093413290147e-14
6389.551063	9.40188168884187e-16
6389.651063	9.34678249660424e-15
6389.751063	9.33978334671185e-15
6389.851063	9.45392221043651e-16
6389.951063	-2.444417768898e-15
6390.051063	9.11672385665917e-15
6390.151063	-2.53631836012519e-15
6390.251063	4.77245626202286e-15
6390.351063	-4.84766890094017e-15
6390.451063	6.14018217302768e-15
6390.551063	9.88429371254388e-15
6390.651063	-2.65089685301752e-15
6390.751063	-9.275143137398e-15
6390.851063	4.5007178775737e-15
6390.951063	4.35298803004928e-15
6391.051063	5.61115833737621e-15
6391.151063	-8.721319681435e-15
6391.251063	1.22974276161453e-14
6391.351063	1.07874558623929e-14
6391.451063	9.72911529985299e-15
6391.551063	2.02853142269865e-14
6391.651063	1.35815837742914e-14
6391.751063	1.38427680776432e-14
6391.851063	1.84570241035242e-14
6391.951063	6.26842328044219e-15
6392.051063	0
6392.151063	6.96491475604688e-15
6392.251063	8.35789770725626e-15
6392.351063	2.78596590241875e-15
6392.451063	5.5719318048375e-15
6392.551063	1.1143863609675e-14
6392.651063	1.67157954145125e-14
6392.751063	-2.78596590241875e-14
6392.851063	1.1143863609675e-14
6392.951063	0
6393.051063	-1.1143863609675e-14
6393.151063	-1.1143863609675e-14
6393.251063	0
6393.351063	0
6393.451063	-8.35789770725626e-15
6393.551063	-1.67157954145125e-14
6393.651063	-1.39298295120938e-14
6393.751063	-2.228772721935e-14
6393.851063	-2.78596590241875e-15
6393.951063	2.78596590241875e-15
6394.051063	0
6394.151063	-1.1143863609675e-14
6394.251063	-1.39298295120938e-14
6394.351063	-9.75088065846563e-15
6394.451063	-9.75088065846563e-15
6394.551063	4.17894885362813e-15
6394.651063	-6.96491475604688e-15
6394.751063	-6.61666901824454e-15
6394.851063	-9.75088065846563e-15
6394.951063	-6.09430041154102e-15
6395.051063	-3.04715020577051e-15
6395.151063	-9.70734994124034e-15
6395.251063	-8.53202057615743e-15
6395.351063	-1.20960980489783e-14
6395.451063	-9.08907772314985e-15
6395.551063	-8.16881115430889e-15
6395.651063	-1.4911566214829e-14
6395.751063	-3.23024809681445e-15
6395.851063	-1.36658846853535e-14
6395.951063	-4.14787503140471e-15
6396.051063	-9.80335699545325e-15
6396.151063	2.44067259938143e-15
6396.251063	1.22074730228597e-14
6396.351063	5.26355893212511e-15
6396.451063	-8.56248780946358e-15
6396.551063	8.29443711354625e-15
6396.651063	-1.96666722238213e-17
6396.751063	-7.51319104517081e-15
6396.851063	-2.05764168287314e-15
6396.951063	-1.05409573231454e-15
6397.051063	-1.49529177504488e-15
6397.151063	4.73378897215436e-15
6397.251063	-3.78924297177906e-15
6397.351063	-6.33469365279835e-15
6397.451063	1.29566151056687e-14
6397.551063	3.47459148452344e-15
6397.651063	1.20576157541354e-14
6397.751063	8.02364576312249e-15
6397.851063	-1.75651977973404e-15
6397.951063	-7.70162887880235e-15
6398.051063	-1.05041074312924e-14
6398.151063	-9.97706311441207e-15
6398.251063	-1.04917063987377e-14
6398.351063	-9.26292825937795e-15
6398.451063	-1.08904480939921e-14
6398.551063	-1.55209962559831e-15
6398.651063	-5.76084831592071e-15
6398.751063	-1.27252529463751e-14
6398.851063	-5.25089276530097e-15
6398.951063	-2.33106990741444e-14
6399.051063	-9.11968525869888e-15
6399.151063	-5.13662463258457e-15
6399.251063	-3.48245737802344e-15
6399.351063	-8.00965196945391e-15
6399.451063	-9.75088065846563e-15
6399.551063	0
6399.651063	4.17894885362813e-15
6399.751063	-1.67157954145125e-14
6399.851063	1.39298295120938e-15
6399.951063	-1.95017613169313e-14
6400.051063	9.75088065846563e-15
6400.151063	-1.67157954145125e-14
6400.251063	2.78596590241875e-15
6400.351063	-2.15912357437453e-14
6400.451063	-1.18403550852797e-14
6400.551063	-7.66140623165157e-15
6400.651063	4.17894885362813e-15
6400.751063	-9.05438918286094e-15
6400.851063	-1.1143863609675e-14
6400.951063	4.17894885362813e-15
6401.051063	2.08947442681406e-15
6401.151063	1.60193039389078e-14
6401.251063	-2.08947442681406e-15
6401.351063	3.48245737802344e-15
6401.451063	-4.17894885362813e-15
6401.551063	-6.96491475604688e-16
6401.651063	-4.87544032923282e-15
6401.751063	-1.04473721340703e-14
6401.851063	-4.87544032923282e-15
6401.951063	6.96491475604688e-16
6402.051063	-6.96491475604688e-15
6402.151063	2.61184303351758e-15
6402.251063	-7.66140623165157e-15
6402.351063	-1.0403841416845e-14
6402.451063	-8.83673559673448e-15
6402.551063	7.81920508159326e-15
6402.651063	-8.99181377684959e-15
6402.751063	-4.15922399738542e-16
6402.851063	3.34837936813225e-15
6402.951063	-4.04912189034098e-16
6403.051063	-3.54540209370852e-15
6403.151063	-3.88928851606364e-15
6403.251063	-5.69339869474503e-15
6403.351063	-3.56176384900945e-15
6403.451063	8.79519600212238e-15
6403.551063	1.78079927891855e-15
6403.651063	3.23332844498915e-15
6403.751063	8.86658970298236e-15
6403.851063	7.3286384230319e-16
6403.951063	3.05061587743269e-15
6404.051063	4.3907483006402e-15
6404.151063	-3.26496994895213e-15
6404.251063	-1.00989092518874e-15
6404.351063	4.94513235156559e-15
6404.451063	4.19841426508991e-15
6404.551063	9.7351745190627e-15
6404.651063	1.35459816279315e-14
6404.751063	1.05451191978567e-14
6404.851063	8.46526338889976e-16
6404.951063	3.12351375772293e-15
6405.051063	6.17355688497969e-15
6405.151063	5.30610249977284e-15
6405.251063	1.09497771657332e-14
6405.351063	1.73208817994778e-14
6405.451063	9.91025103606315e-15
6405.551063	3.91262576558073e-15
6405.651063	-1.6678802009893e-15
6405.751063	8.86874597766284e-18
6405.851063	-1.08238023108574e-15
6405.951063	1.22225241749822e-14
6406.051063	1.13026827108017e-14
6406.151063	6.77446786818622e-15
6406.251063	5.40869161524266e-15
6406.351063	1.45827902704732e-14
6406.451063	7.96612125222862e-15
6406.551063	-6.09430041154102e-16
6406.651063	-3.30833450912227e-15
6406.751063	8.7061434450586e-16
6406.851063	-1.04473721340703e-15
6406.951063	-3.83070311582578e-15
6407.051063	-3.48245737802344e-15
6407.151063	2.0198252792536e-14
6407.251063	2.15912357437453e-14
6407.351063	1.74122868901172e-14
6407.451063	-6.96491475604688e-16
6407.551063	5.5719318048375e-15
6407.651063	2.26359729571524e-14
6407.751063	3.16903621400133e-14
6407.851063	1.88052698413266e-14
6407.951063	1.91535155791289e-14
6408.051063	1.49745667255008e-14
6408.151063	-2.78596590241875e-15
6408.251063	-4.17894885362813e-15
6408.351063	9.05438918286094e-15
6408.451063	3.48245737802344e-15
6408.551063	-3.48245737802344e-15
6408.651063	-2.40289559083617e-14
6408.751063	4.17894885362813e-15
6408.851063	6.96491475604688e-16
6408.951063	-1.56710582011055e-15
6409.051063	6.96491475604688e-16
6409.151063	7.66140623165157e-15
6409.251063	-2.78596590241875e-15
6409.351063	-3.1342116402211e-15
6409.451063	-6.79079188714571e-15
6409.551063	-1.04473721340703e-15
6409.651063	-1.78475940623701e-15
6409.751063	-3.59128417108667e-15
6409.851063	1.59975385802952e-14
6409.951063	4.92985372576443e-15
6410.051063	3.81914026906282e-15
6410.151063	1.91229080435799e-15
6410.251063	-1.00984887392774e-14
6410.351063	7.03210254762361e-15
6410.451063	5.40421606023985e-16
6410.551063	-8.53573625657977e-17
6410.651063	-1.06329488025014e-14
6410.751063	5.88505133058591e-15
6410.851063	-1.18788801874665e-14
6410.951063	-1.59338408460228e-14
6411.051063	-1.50914551773244e-14
6411.151063	3.82464807111289e-15
6411.251063	-2.27425149763473e-15
6411.351063	-7.8534498610112e-15
6411.451063	-4.68567671918371e-15
6411.551063	7.32554257077252e-15
6411.651063	2.26683811971762e-14
6411.751063	2.86971586743333e-14
6411.851063	1.63650022177867e-14
6411.951063	1.5052516974124e-14
6412.051063	3.3966833960046e-14
6412.151063	4.27652929603873e-13
6412.251063	9.29733445464859e-12
6412.351063	1.81453882639687e-10
6412.451063	3.02604329166226e-09
6412.551063	4.31157824536944e-08
6412.651063	5.2505428534391e-07
6412.751063	5.4678555716449e-06
6412.851063	4.87263093630312e-05
6412.951063	0.000371871157503757
6413.051063	0.00243292167553341
6413.151063	0.0136612301957581
6413.251063	0.0659354071328068
6413.351063	0.274039475453116
6413.451063	0.983050481760688
6413.551063	3.05263891339598
6413.651063	8.23614425563368
6413.751063	19.3984251745265
6413.851063	40.1209027431709
6413.951063	73.3984036966604
6414.051063	119.792449340403
6414.151063	176.090130729438
6414.251063	235.438895491752
6414.351063	289.032105340455
6414.451063	328.600871706185
6414.551063	348.828218675273
6414.651063	348.934762300121
6414.751063	332.737310586681
6414.851063	306.931510980395
6414.951063	278.394277966182
6415.051063	252.000006675644
6415.151063	229.942390280947
6415.251063	212.373743111206
6415.351063	198.480850636662
6415.451063	187.290027329705
6415.551063	178.018306348474
6415.651063	170.115529478657
6415.751063	163.174374333893
6415.851063	156.790489299365
6415.951063	150.387318209732
6416.051063	143.04404516327
6416.151063	133.467124644279
6416.251063	120.309901142274
6416.351063	102.885703056594
6416.451063	81.9173623197998
6416.551063	59.6825559484551
6416.651063	39.2111986065877
6416.751063	22.9609483577239
6416.851063	11.8764097511897
6416.951063	5.389643231457
6417.051063	2.1351452452982
6417.151063	0.735635862378725
6417.251063	0.219814223316673
6417.351063	0.0568454583435159
6417.451063	0.0127024498466035
6417.551063	0.00244955373312653
6417.651063	0.000407243738948981
6417.751063	5.83202610461609e-05
6417.851063	7.1887949047459e-06
6417.951063	7.62193428078732e-07
6418.051063	6.94645004145048e-08
6418.151063	5.4384405018592e-09
6418.251063	3.6553839975447e-10
6418.351063	2.10899349548893e-11
6418.451063	1.01732429891077e-12
6418.551063	4.06678914889454e-14
6418.651063	2.53754711587193e-15
6418.751063	-3.08419567885542e-15
6418.851063	1.12591339882687e-15
6418.951063	-4.30125721379743e-15
6419.051063	-1.41100970729281e-14
6419.151063	-4.32393706517576e-15
6419.251063	8.30672117014683e-15
6419.351063	-1.96060796157782e-15
6419.451063	1.05542618436085e-15
6419.551063	7.75428174991856e-15
6419.651063	-6.46951178560175e-15
6419.751063	1.02908036670134e-14
6419.851063	6.18760664486932e-15
6419.951063	-1.20479602444281e-14
6420.051063	-3.724872853963e-15
6420.151063	6.29100430862199e-15
6420.251063	5.17131317287348e-15
6420.351063	-7.24850207500189e-15
6420.451063	3.05531221525025e-15
6420.551063	2.78188489767888e-16
6420.651063	5.55016644622486e-15
6420.751063	-3.52598809524873e-15
6420.851063	1.08826793063233e-16
6420.951063	-2.43772016461641e-15
6421.051063	-2.78596590241875e-15
6421.151063	-3.1342116402211e-15
6421.251063	-5.5719318048375e-15
6421.351063	-1.39298295120938e-15
6421.451063	-4.17894885362813e-15
6421.551063	1.1143863609675e-14
6421.651063	-1.1143863609675e-14
6421.751063	1.39298295120938e-14
6421.851063	1.1143863609675e-14
6421.951063	-1.1143863609675e-14
6422.051063	2.78596590241875e-15
6422.151063	8.35789770725626e-15
6422.251063	1.39298295120938e-14
6422.351063	1.67157954145125e-14
6422.451063	8.35789770725626e-15
6422.551063	2.78596590241875e-15
6422.651063	-5.5719318048375e-15
6422.751063	-1.39298295120938e-15
6422.851063	-2.78596590241875e-15
6422.951063	1.1143863609675e-14
6423.051063	2.08947442681406e-14
6423.151063	0
6423.251063	8.35789770725626e-15
6423.351063	5.5719318048375e-15
6423.451063	4.17894885362813e-15
6423.551063	8.35789770725626e-15
6423.651063	1.1143863609675e-14
6423.751063	4.17894885362813e-15
6423.851063	5.74605467373868e-15
6423.951063	5.22368606703516e-15
6424.051063	1.62804882422596e-14
6424.151063	-1.13179864785762e-15
6424.251063	3.96129526750166e-15
6424.351063	2.29624533363421e-15
6424.451063	-2.34249672068608e-15
6424.551063	1.34503114551589e-14
6424.651063	6.88057399142288e-15
6424.751063	7.8513004834537e-15
6424.851063	1.31464041334366e-14
6424.951063	2.93319691619323e-15
6425.051063	1.07568835308236e-14
6425.151063	2.19485714563081e-15
6425.251063	6.45617851166177e-15
6425.351063	-8.04404148608072e-15
6425.451063	4.30676498062563e-15
6425.551063	-1.73357090861334e-15
6425.651063	-7.10336291582377e-15
6425.751063	-8.83163250506797e-16
6425.851063	4.42149397238252e-15
6425.951063	-1.811845898075e-16
6426.051063	5.23058410299623e-15
6426.151063	4.5657982962735e-16
6426.251063	9.03051170668714e-15
6426.351063	2.07951854106871e-16
6426.451063	1.26865190385463e-14
6426.551063	-1.61220896199735e-15
6426.651063	-9.82048927800856e-16
6426.751063	-5.40540403294018e-15
6426.851063	5.55379784410863e-15
6426.951063	4.8761481677428e-16
6427.051063	1.81463932793907e-15
6427.151063	1.00504975597047e-14
6427.251063	-1.42649789231747e-15
6427.351063	-1.46750442088997e-14
