6387.351063	2.78596590241875e-15
6387.451063	-8.35789770725626e-15
6387.551063	9.75088065846563e-15
6387.651063	-4.17894885362813e-15
6387.751063	1.25368465608844e-14
6387.851063	5.92017754263985e-15
6387.951063	4.52719459143047e-15
6388.051063	6.26842328044219e-15
6388.151063	2.69890446796817e-15
6388.251063	-3.0906809229958e-15
6388.351063	5.32707152044523e-15
6388.451063	7.08598456332973e-15
6388.551063	3.90416120114347e-16
6388.651063	7.25891713918177e-15
6388.751063	-6.38400923760584e-16
6388.851063	2.55746550519169e-15
6388.951063	7.0130130235804e-16
6389.051063	-2.71956011245218e-15
6389.151063	1.50543852914057e-15
6389.251063	4.12878954136706e-15
6389.351063	3.25010998944709e-15
6389.451063	8.98164114953739e-15
6389.551063	6.6887205806045e-15
6389.651063	9.42482941689248e-15
6389.751063	5.22466468887273e-15
6389.851063	5.6303213525116e-15
6389.951063	7.56656188832321e-15
6390.051063	9.78968617773906e-15
6390.151063	9.43737243036154e-15
6390.251063	4.29808502789305e-15
6390.351063	-2.69543048239234e-15
6390.451063	4.16172411803051e-15
6390.551063	5.96061651068328e-15
6390.651063	-7.63947605806281e-15
6390.751063	-3.78524538936717e-15
6390.851063	-8.4870503980928e-15
6390.951063	-5.78684877971262e-15
6391.051063	-9.60153275632756e-15
6391.151063	-1.77497402833536e-14
6391.251063	-5.63484729457719e-15
6391.351063	-1.04813805069026e-15
6391.451063	-5.15294865154406e-15
6391.551063	-4.69043478102532e-15
6391.651063	-2.25271461640891e-15
6391.751063	-5.13662463258457e-15
6391.851063	2.08947442681406e-15
6391.951063	5.5719318048375e-15
6392.051063	-3.48245737802344e-15
6392.151063	0
6392.251063	2.78596590241875e-15
6392.351063	6.96491475604688e-15
6392.451063	4.17894885362813e-15
6392.551063	5.5719318048375e-15
6392.651063	-8.35789770725626e-15
6392.751063	1.39298295120938e-14
6392.851063	1.1143863609675e-14
6392.951063	-5.5719318048375e-15
6393.051063	0
6393.151063	-5.5719318048375e-15
6393.251063	-1.1143863609675e-14
6393.351063	5.5719318048375e-15
6393.451063	1.39298295120938e-14
6393.551063	0
6393.651063	-5.5719318048375e-15
6393.751063	0
6393.851063	-1.67157954145125e-14
6393.951063	-8.35789770725626e-15
6394.051063	5.5719318048375e-15
6394.151063	1.1143863609675e-14
6394.251063	-1.1143863609675e-14
6394.351063	8.35789770725626e-15
6394.451063	-1.67157954145125e-14
6394.551063	-1.39298295120938e-14
6394.651063	-6.96491475604688e-15
6394.751063	-1.53228124633031e-14
6394.851063	-6.96491475604688e-15
6394.951063	-4.87544032923282e-15
6395.051063	6.96491475604688e-16
6395.151063	-4.17894885362813e-15
6395.251063	-1.74122868901172e-15
6395.351063	-5.31074750148575e-15
6395.451063	-1.74993483245678e-14
6395.551063	-2.30712801294053e-15
6395.651063	-4.18439019328129e-15
6395.751063	-8.50481387789162e-15
6395.851063	-1.48932867144317e-14
6395.951063	5.36749897364958e-15
6396.051063	3.41645987949584e-15
6396.151063	-2.5114930930732e-15
6396.251063	7.44195109847014e-15
6396.351063	1.46393073953901e-15
6396.451063	3.53671753423648e-15
6396.551063	1.00281480973253e-15
6396.651063	3.03589595539556e-15
6396.751063	8.19552561849154e-15
6396.851063	9.75969741201182e-15
6396.951063	2.91035145505262e-15
6397.051063	7.68986236370617e-15
6397.151063	6.83866869220182e-15
6397.251063	9.2310464170444e-15
6397.351063	8.5355131903179e-15
6397.451063	1.79842069214912e-14
6397.551063	1.4866505911211e-14
6397.651063	3.54253410213999e-15
6397.751063	1.00199771140475e-14
6397.851063	1.38671832012166e-14
6397.951063	1.02063902106058e-14
6398.051063	4.84880014798742e-15
6398.151063	1.48420113759487e-14
6398.251063	5.57930249278558e-15
6398.351063	4.89431613855028e-15
6398.451063	-5.02955405314963e-15
6398.551063	1.92891239657976e-15
6398.651063	7.31120501241137e-15
6398.751063	-2.8310269964215e-15
6398.851063	-4.96182159622676e-15
6398.951063	-9.41351759996961e-16
6399.051063	1.66504993386746e-15
6399.151063	-7.22609905939864e-15
6399.251063	-5.78958539096397e-15
6399.351063	-1.1143863609675e-14
6399.451063	-1.0099126396268e-14
6399.551063	7.83552910055274e-15
6399.651063	-2.08947442681406e-15
6399.751063	-9.40263492066329e-15
6399.851063	-5.22368606703516e-15
6399.951063	9.05438918286094e-15
6400.051063	-2.08947442681406e-15
6400.151063	1.39298295120938e-15
6400.251063	-6.26842328044219e-15
6400.351063	-6.96491475604688e-16
6400.451063	-1.88052698413266e-14
6400.551063	-1.74122868901172e-14
6400.651063	-1.74122868901172e-14
6400.751063	-1.60193039389078e-14
6400.851063	-2.15912357437453e-14
6400.951063	5.5719318048375e-15
6401.051063	-2.64666760729781e-14
6401.151063	-2.08947442681406e-14
6401.251063	-1.32333380364891e-14
6401.351063	2.08947442681406e-15
6401.451063	-8.35789770725626e-15
6401.551063	-7.66140623165157e-15
6401.651063	-2.228772721935e-14
6401.751063	-6.96491475604688e-16
6401.851063	3.48245737802344e-15
6401.951063	-5.5719318048375e-15
6402.051063	-4.87544032923282e-15
6402.151063	2.08947442681406e-15
6402.251063	-1.39298295120938e-15
6402.351063	1.04473721340703e-15
6402.451063	-6.44254614934336e-15
6402.551063	-7.74846766610215e-15
6402.651063	-7.40022192829981e-16
6402.751063	-4.44013315697989e-15
6402.851063	5.87664682541456e-16
6402.951063	1.14921093474774e-14
6403.051063	-2.08743392444413e-15
6403.151063	-2.79701862358924e-15
6403.251063	7.43148837607247e-15
6403.351063	-1.4121392299688e-14
6403.451063	-5.53200451383516e-15
6403.551063	-2.92878711956758e-15
6403.651063	4.57248040140263e-15
6403.751063	-2.01423758699445e-15
6403.851063	7.52469503063193e-15
6403.951063	3.20216908259541e-15
6404.051063	-4.29109381264226e-15
6404.151063	4.40873897415827e-15
6404.251063	-8.12692507696278e-15
6404.351063	2.94888621147025e-15
6404.451063	3.1276558249237e-15
6404.551063	8.94886132535799e-15
6404.651063	-6.10920704485601e-16
6404.751063	1.46082723202938e-14
6404.851063	7.63566384460559e-15
6404.951063	3.23340497662543e-15
6405.051063	1.08358966727179e-14
6405.151063	4.93294458788779e-15
6405.251063	-2.13051153018636e-15
6405.351063	1.00252358101265e-14
6405.451063	1.61747755912159e-14
6405.551063	4.27797781455161e-15
6405.651063	4.09003480974637e-15
6405.751063	2.27461879826222e-15
6405.851063	-6.59355926614336e-15
6405.951063	5.13262864877678e-15
6406.051063	-9.72639463002641e-17
6406.151063	-3.82254110634604e-15
6406.251063	6.35140371015291e-15
6406.351063	-7.05197619049747e-15
6406.451063	5.71340663581971e-15
6406.551063	3.22127307467168e-15
6406.651063	-4.09188741917754e-15
6406.751063	-1.54098738977537e-14
6406.851063	-1.2188600823082e-15
6406.951063	0
6407.051063	-5.22368606703516e-16
6407.151063	3.1342116402211e-15
6407.251063	-1.04473721340703e-14
6407.351063	-6.61666901824454e-15
6407.451063	4.17894885362813e-15
6407.551063	-9.05438918286094e-15
6407.651063	-9.05438918286094e-15
6407.751063	-1.14921093474774e-14
6407.851063	-2.08947442681406e-15
6407.951063	-1.35815837742914e-14
6408.051063	6.96491475604688e-16
6408.151063	1.46263209876984e-14
6408.251063	-3.3431590829025e-14
6408.351063	-1.49745667255008e-14
6408.451063	-6.96491475604688e-15
6408.551063	-9.75088065846563e-15
6408.651063	-4.87544032923282e-15
6408.751063	-9.05438918286094e-15
6408.851063	-1.04473721340703e-15
6408.951063	-1.04473721340703e-15
6409.051063	-2.08947442681406e-15
6409.151063	-1.77605326279195e-14
6409.251063	-1.1143863609675e-14
6409.351063	-6.96491475604688e-15
6409.451063	-9.75088065846563e-15
6409.551063	-1.46263209876984e-14
6409.651063	-1.81087783657219e-14
6409.751063	-2.0198252792536e-14
6409.851063	-8.53202057615743e-15
6409.951063	-9.40263492066329e-15
6410.051063	-1.11656289682877e-14
6410.151063	-1.60301866182141e-14
6410.251063	-1.21151427377644e-14
6410.351063	-1.31408352623853e-15
6410.451063	-1.09022341207018e-14
6410.551063	-6.29346194493994e-15
6410.651063	-1.7657699810568e-14
6410.751063	3.8631625135517e-15
6410.851063	-1.44825854634167e-14
6410.951063	-1.21660358193553e-15
6411.051063	-1.82621913623107e-14
6411.151063	7.42937205617673e-15
6411.251063	-2.64319759856706e-15
6411.351063	-1.60245935318147e-16
6411.451063	2.41334497970284e-15
6411.551063	-8.06536922060446e-15
6411.651063	1.64102963608622e-14
6411.751063	7.00489597441041e-15
6411.851063	5.49252379943489e-15
6411.951063	8.80041711345042e-15
6412.051063	1.44330864899794e-14
6412.151063	5.08842460688281e-14
6412.251063	1.01396597129041e-12
6412.351063	2.06650859609709e-11
6412.451063	3.60980493252484e-10
6412.551063	5.41607860129738e-09
6412.651063	6.97937273924864e-08
6412.751063	7.72845835330144e-07
6412.851063	7.35775363174534e-06
6412.951063	6.02570405335968e-05
6413.051063	0.000424745421026605
6413.151063	0.0025786010626277
6413.251063	0.0134926876928841
6413.351063	0.0609076007033675
6413.451063	0.237473552779339
6413.551063	0.800944715955655
6413.651063	2.34170146728773
6413.751063	5.95129942426509
6413.851063	13.1971102924175
6413.951063	25.6651701324192
6414.051063	44.0742290513286
6414.151063	67.4471674716526
6414.251063	93.0775503535931
6414.351063	117.574729753447
6414.451063	138.376077047601
6414.551063	154.695885780067
6414.651063	167.408992082787
6414.751063	178.246724788299
6414.851063	189.023818530484
6414.951063	201.259898978314
6415.051063	216.032909064405
6415.151063	233.6982330437
6415.251063	253.347029312608
6415.351063	272.376053424476
6415.451063	286.852946589781
6415.551063	292.984055799679
6415.651063	289.003063079987
6415.751063	276.146782028219
6415.851063	257.945712916025
6415.951063	238.398093250547
6416.051063	220.342400480794
6416.151063	204.852442435412
6416.251063	191.495263449159
6416.351063	178.847446862663
6416.451063	164.951562981644
6416.551063	147.852024172677
6416.651063	126.401929737744
6416.751063	101.102732593467
6416.851063	74.3232600931518
6416.951063	49.4617216481521
6417.051063	29.4391080792399
6417.151063	15.5242039317019
6417.251063	7.20144998570394
6417.351063	2.92286021693984
6417.451063	1.03368049561574
6417.551063	0.317523187603925
6417.651063	0.0845062971548469
6417.751063	0.0194468890091754
6417.851063	0.00386305838897374
6417.951063	0.000661474730757023
6418.051063	9.75116710749973e-05
6418.151063	1.23618239772195e-05
6418.251063	1.34635862482299e-06
6418.351063	1.25863955590807e-07
6418.451063	1.00913465813152e-08
6418.551063	6.93403061460417e-10
6418.651063	4.08006078844179e-11
6418.751063	2.06366149677812e-12
6418.851063	9.93179688050181e-14
6418.951063	-3.99207299124637e-15
6419.051063	3.80996130899772e-15
6419.151063	7.99510974299639e-15
6419.251063	5.50508912093086e-15
6419.351063	-1.19606385540132e-15
6419.451063	8.72622362646628e-15
6419.551063	8.56540686403417e-15
6419.651063	1.3636348210483e-15
6419.751063	3.23522835009643e-16
6419.851063	1.78756201974885e-14
6419.951063	3.400513714985e-15
6420.051063	-1.47956064229518e-15
6420.151063	1.27590755019749e-15
6420.251063	8.84887764859725e-15
6420.351063	5.36072918193266e-16
6420.451063	2.94384977329252e-17
6420.551063	-6.79368259883645e-15
6420.651063	-8.53270074361407e-15
6420.751063	-3.53959144438164e-15
6420.851063	-1.0839148589098e-14
6420.951063	-1.19491818783429e-14
6421.051063	-2.39418944739112e-15
6421.151063	3.1342116402211e-15
6421.251063	-7.31316049384922e-15
6421.351063	-6.61666901824454e-15
6421.451063	-6.26842328044219e-15
6421.551063	-2.78596590241875e-15
6421.651063	8.35789770725626e-15
6421.751063	0
6421.851063	2.78596590241875e-15
6421.951063	4.17894885362813e-15
6422.051063	6.96491475604688e-15
6422.151063	6.96491475604688e-15
6422.251063	8.35789770725626e-15
6422.351063	8.35789770725626e-15
6422.451063	1.67157954145125e-14
6422.551063	-8.35789770725626e-15
6422.651063	0
6422.751063	0
6422.851063	-8.35789770725626e-15
6422.951063	-2.78596590241875e-15
6423.051063	5.5719318048375e-15
6423.151063	5.5719318048375e-15
6423.251063	-5.5719318048375e-15
6423.351063	0
6423.451063	-2.78596590241875e-15
6423.551063	6.96491475604688e-15
6423.651063	1.39298295120938e-15
6423.751063	5.5719318048375e-15
6423.851063	0
6423.951063	6.26842328044219e-15
6424.051063	-7.66140623165157e-15
6424.151063	-3.1342116402211e-15
6424.251063	2.08947442681406e-15
6424.351063	-2.61184303351758e-16
6424.451063	1.08826793063233e-15
6424.551063	3.17774235744639e-15
6424.651063	1.79564208554334e-15
6424.751063	3.53415010472848e-15
6424.851063	1.90582921351986e-15
6424.951063	-2.17857636363459e-15
6425.051063	1.18332133269849e-15
6425.151063	1.18900710753139e-14
6425.251063	5.06469958094847e-15
6425.351063	2.3024541864672e-15
6425.451063	1.38268313024603e-14
6425.551063	1.31055511811876e-14
6425.651063	1.30596678197905e-14
6425.751063	9.12252755239034e-15
6425.851063	1.74176321637823e-14
6425.951063	1.91790793741126e-14
6426.051063	1.80225421265156e-14
6426.151063	1.55798086937459e-14
6426.251063	1.50326661192907e-14
6426.351063	1.34749847462119e-14
6426.451063	1.70677854754183e-14
6426.551063	1.72706849894585e-14
6426.651063	5.70991668840678e-15
6426.751063	2.61918280100808e-15
6426.851063	1.31261459984002e-14
6426.951063	7.15580460018732e-15
6427.051063	1.41920298255408e-14
6427.151063	2.0238108070393e-14
6427.251063	1.44629591065756e-14
6427.351063	8.88176796296135e-15
