6387.351063	2.78596590241875e-15
6387.451063	6.26842328044219e-15
6387.551063	1.74122868901172e-15
6387.651063	6.61666901824454e-15
6387.751063	-4.17894885362813e-15
6387.851063	1.15791707819279e-14
6387.951063	1.9762945620283e-14
6388.051063	-1.58887117872319e-15
6388.151063	1.84134933862989e-14
6388.251063	2.02064148020157e-14
6388.351063	2.75285875146655e-14
6388.451063	1.8245895873935e-14
6388.551063	9.56438724394673e-15
6388.651063	1.01258525269997e-14
6388.751063	8.03983120375477e-15
6388.851063	6.65053494053929e-16
6388.951063	-1.82454651051909e-16
6389.051063	9.18148378478388e-16
6389.151063	-1.22872596603164e-14
6389.251063	1.17023318874349e-14
6389.351063	1.75427180941033e-14
6389.451063	1.32535805540928e-14
6389.551063	1.022143194723e-14
6389.651063	7.21674455596418e-15
6389.751063	2.40231667605149e-15
6389.851063	7.28159373435466e-15
6389.951063	1.13001090842346e-14
6390.051063	6.53086684916377e-15
6390.151063	4.95219519028805e-15
6390.251063	3.18450220301496e-15
6390.351063	-7.27826269109758e-15
6390.451063	-5.79934490445078e-15
6390.551063	-7.12502887587674e-15
6390.651063	-2.00213050106487e-14
6390.751063	3.89316881767702e-15
6390.851063	3.32471836456143e-15
6390.951063	-1.48807625849092e-14
6391.051063	-6.47731349641847e-15
6391.151063	-4.09342583412783e-15
6391.251063	-5.27238296827991e-16
6391.351063	4.36215833464542e-16
6391.451063	2.03352905936252e-14
6391.551063	1.17856016050198e-15
6391.651063	-3.59536517582654e-15
6391.751063	7.45531549228807e-15
6391.851063	1.5453404614979e-15
6391.951063	1.43651366843467e-15
6392.051063	-5.13662463258457e-15
6392.151063	5.74605467373868e-15
6392.251063	1.04473721340703e-15
6392.351063	-4.87544032923282e-15
6392.451063	0
6392.551063	0
6392.651063	5.5719318048375e-15
6392.751063	-1.67157954145125e-14
6392.851063	-1.1143863609675e-14
6392.951063	-3.90035226338625e-14
6393.051063	0
6393.151063	1.67157954145125e-14
6393.251063	-5.5719318048375e-15
6393.351063	-1.1143863609675e-14
6393.451063	-5.5719318048375e-15
6393.551063	2.78596590241875e-15
6393.651063	-3.3431590829025e-14
6393.751063	-2.228772721935e-14
6393.851063	-1.1143863609675e-14
6393.951063	-1.67157954145125e-14
6394.051063	-2.50736931217688e-14
6394.151063	-1.1143863609675e-14
6394.251063	-5.5719318048375e-15
6394.351063	-2.78596590241875e-15
6394.451063	-5.5719318048375e-15
6394.551063	0
6394.651063	-1.04473721340703e-14
6394.751063	-3.48245737802344e-15
6394.851063	-1.0099126396268e-14
6394.951063	-1.48004438565996e-14
6395.051063	-1.04473721340703e-15
6395.151063	-1.27109694297856e-14
6395.251063	-3.65658024692461e-15
6395.351063	8.55378593477008e-15
6395.451063	-5.42637596911543e-15
6395.551063	-7.20909487298251e-15
6395.651063	6.10960417931554e-16
6395.751063	-7.64413635482269e-15
6395.851063	-1.68890627602846e-14
6395.951063	-1.28619141313043e-14
6396.051063	-1.72211289898035e-14
6396.151063	-1.73357257120243e-14
6396.251063	-2.16470884240326e-14
6396.351063	-1.88580192226059e-14
6396.451063	-2.65949017678005e-14
6396.551063	-4.49059084007621e-15
6396.651063	-1.52131638844717e-14
6396.751063	-1.51418312256153e-14
6396.851063	4.06660806331297e-16
6396.951063	-6.78740612366415e-15
6397.051063	-8.18785334902124e-15
6397.151063	-1.78314599679938e-14
6397.251063	7.2786148148525e-15
6397.351063	-1.44641685649381e-14
6397.451063	-8.67048637588188e-15
6397.551063	-9.75651931575308e-15
6397.651063	-3.71709251266164e-15
6397.751063	5.53470962503281e-15
6397.851063	2.00568852338097e-14
6397.951063	-1.7309382161824e-15
6398.051063	1.13313281804504e-14
6398.151063	1.16052116620723e-14
6398.251063	8.59378932727877e-15
6398.351063	1.05561349918914e-14
6398.451063	-3.81566792499316e-15
6398.551063	-1.51669562357985e-14
6398.651063	-9.59644611337542e-15
6398.751063	-1.25219439856331e-14
6398.851063	-7.79364566388651e-15
6398.951063	-5.96570625176904e-15
6399.051063	-8.68403800271763e-16
6399.151063	8.28852062667845e-15
6399.251063	3.86879249339792e-15
6399.351063	6.6928477733888e-15
6399.451063	2.56831231629229e-15
6399.551063	6.87785332159629e-15
6399.651063	4.87544032923282e-15
6399.751063	-7.66140623165157e-15
6399.851063	1.39298295120938e-15
6399.951063	1.39298295120938e-15
6400.051063	-5.5719318048375e-15
6400.151063	-3.62175567314438e-14
6400.251063	-1.25368465608844e-14
6400.351063	-6.96491475604688e-15
6400.451063	-2.36807101705594e-14
6400.551063	-1.39298295120938e-14
6400.651063	-4.10929970606766e-14
6400.751063	-1.25368465608844e-14
6400.851063	-2.0198252792536e-14
6400.951063	-5.5719318048375e-15
6401.051063	-1.25368465608844e-14
6401.151063	-1.74122868901172e-14
6401.251063	-6.26842328044219e-15
6401.351063	-1.67157954145125e-14
6401.451063	-1.67157954145125e-14
6401.551063	-6.96491475604688e-15
6401.651063	-1.53228124633031e-14
6401.751063	-2.57701845973735e-14
6401.851063	-7.66140623165157e-15
6401.951063	-1.1143863609675e-14
6402.051063	-1.28850922986867e-14
6402.151063	-1.04473721340703e-14
6402.251063	5.22368606703516e-16
6402.351063	-1.29721537331373e-14
6402.451063	-3.26480379189698e-15
6402.551063	-9.57675778956446e-16
6402.651063	-1.2286544936839e-14
6402.751063	-6.39085342263833e-15
6402.851063	-8.68063716543441e-15
6402.951063	-6.45963535669158e-15
6403.051063	-7.71255694991459e-15
6403.151063	-7.04820870044464e-16
6403.251063	-1.10703165180691e-15
6403.351063	-7.38886227243141e-15
6403.451063	-6.22451644522635e-15
6403.551063	-8.586302602045e-15
6403.651063	-1.53723365365283e-14
6403.751063	-1.1344781821958e-14
6403.851063	5.22146833132256e-15
6403.951063	1.96928305983487e-15
6404.051063	-4.35066723541529e-15
6404.151063	4.42558241979549e-15
6404.251063	8.87568671632442e-15
6404.351063	7.06469206478786e-15
6404.451063	-1.22126261382763e-16
6404.551063	9.71266344688425e-15
6404.651063	4.88247827446257e-15
6404.751063	1.20260873011739e-14
6404.851063	5.11947603886674e-15
6404.951063	-4.1728339009778e-15
6405.051063	7.02370130533496e-15
6405.151063	1.78368702730458e-14
6405.251063	4.17860977623545e-15
6405.351063	1.24581873166817e-14
6405.451063	8.84208125096118e-15
6405.551063	1.85896157810236e-14
6405.651063	1.01947176909991e-14
6405.751063	1.66502421190897e-14
6405.851063	1.75009938822906e-14
6405.951063	8.8008505362774e-15
6406.051063	1.82348982835251e-14
6406.151063	1.7357528096049e-14
6406.251063	8.16672814147291e-15
6406.351063	9.23259305650199e-15
6406.451063	1.80244376010979e-16
6406.551063	-8.61636134078143e-15
6406.651063	4.86455764992649e-15
6406.751063	-2.41595480600376e-15
6406.851063	7.40022192829981e-16
6406.951063	-1.48004438565996e-15
6407.051063	-5.22368606703516e-15
6407.151063	-2.08947442681406e-15
6407.251063	3.48245737802344e-16
6407.351063	1.88052698413266e-14
6407.451063	8.35789770725626e-15
6407.551063	-1.74122868901172e-14
6407.651063	2.71631675485828e-14
6407.751063	2.228772721935e-14
6407.851063	-1.88052698413266e-14
6407.951063	1.0099126396268e-14
6408.051063	-1.74122868901172e-15
6408.151063	-2.78596590241875e-15
6408.251063	2.08947442681406e-15
6408.351063	-1.18403550852797e-14
6408.451063	-7.66140623165157e-15
6408.551063	6.96491475604688e-16
6408.651063	-1.39298295120938e-14
6408.751063	-1.35815837742914e-14
6408.851063	-1.14921093474774e-14
6408.951063	-6.79079188714571e-15
6409.051063	-2.07206213992395e-14
6409.151063	-1.58451810700067e-14
6409.251063	-1.88052698413266e-14
6409.351063	-1.53228124633031e-14
6409.451063	-4.87544032923282e-15
6409.551063	-9.22851205176212e-15
6409.651063	-2.90785191064957e-14
6409.751063	-1.41039523809949e-14
6409.851063	-1.16444668577659e-15
6409.951063	-5.20736204807568e-15
6410.051063	-1.20063159447011e-14
6410.151063	-1.59125176482145e-15
6410.251063	-6.35761023819479e-15
6410.351063	1.40260413243595e-14
6410.451063	1.32187622604455e-16
6410.551063	2.32156098038725e-15
6410.651063	-8.91042271549078e-15
6410.751063	1.81838582471139e-14
6410.851063	-5.27653012724062e-15
6410.951063	3.56482147737965e-15
6411.051063	-8.4235514279849e-15
6411.151063	2.13545389436775e-14
6411.251063	4.48516578569397e-15
6411.351063	1.04519882810445e-14
6411.451063	1.70182240345853e-15
6411.551063	6.6749683481209e-15
6411.651063	1.2004732738244e-14
6411.751063	4.8794330788898e-15
6411.851063	6.15511939000226e-15
6411.951063	2.57263828858403e-15
6412.051063	1.38969581813605e-14
6412.151063	4.10303515246768e-15
6412.251063	3.02686782429943e-15
6412.351063	1.52240287918063e-14
6412.451063	1.89750509475374e-14
6412.551063	2.38225169819375e-13
6412.651063	5.60271090620583e-12
6412.751063	1.12230626639687e-10
6412.851063	1.93721848093398e-09
6412.951063	2.86895932404047e-08
6413.051063	3.64722909681345e-07
6413.151063	3.98284322568975e-06
6413.251063	3.7387213232009e-05
6413.351063	0.000301901931946715
6413.451063	0.00209864891945523
6413.551063	0.0125681176189467
6413.651063	0.0648926113565357
6413.751063	0.289117792710474
6413.851063	1.11251409337064
6413.951063	3.70119653536526
6414.051063	10.6593054115285
6414.151063	26.6160977177963
6414.251063	57.7386846781276
6414.351063	109.111524210708
6414.451063	180.288636097245
6414.551063	261.831679701893
6414.651063	336.703045697756
6414.751063	387.452931622494
6414.851063	404.897371600317
6414.951063	391.930517510068
6415.051063	360.065532360998
6415.151063	322.243052207315
6415.251063	287.360834196894
6415.351063	259.006105947222
6415.451063	237.136558508389
6415.551063	220.288735610069
6415.651063	206.941642363206
6415.751063	195.953312127842
6415.851063	186.490160788268
6415.951063	177.781275649649
6416.051063	168.852478741092
6416.151063	158.366281502134
6416.251063	144.76046771628
6416.351063	126.82802593608
6416.451063	104.561404471347
6416.551063	79.6770056610828
6416.651063	55.2314415596175
6416.751063	34.3698369464726
6416.851063	18.9979391861088
6416.951063	9.25067160257244
6417.051063	3.94258084262915
6417.151063	1.46336059433467
6417.251063	0.471171051392817
6417.351063	0.131193000580963
6417.451063	0.0315112387070246
6417.551063	0.00651579733922049
6417.651063	0.00115798200142887
6417.751063	0.000176635972558294
6417.851063	2.30999488412786e-05
6417.951063	2.58755643999787e-06
6418.051063	2.48069865465717e-07
6418.151063	2.03411956464922e-08
6418.251063	1.42579233936378e-09
6418.351063	8.54121219584792e-11
6418.451063	4.34828436366926e-12
6418.551063	1.81112123929062e-13
6418.651063	1.05939993992645e-14
6418.751063	1.25488740138094e-14
6418.851063	2.817261731316e-15
6418.951063	-2.26821741376446e-15
6419.051063	1.1714617071511e-14
6419.151063	7.16147701983811e-15
6419.251063	1.2813367339468e-14
6419.351063	5.72687376709014e-15
6419.451063	9.76778044589014e-15
6419.551063	1.04605037672652e-14
6419.651063	3.96273652584689e-16
6419.751063	-1.16002587890509e-14
6419.851063	7.36757200582127e-15
6419.951063	-1.15399025487745e-14
6420.051063	-6.51386942712639e-15
6420.151063	-7.73938528125121e-15
6420.251063	-1.19210293238294e-14
6420.351063	-1.83199388569771e-14
6420.451063	-3.99962156619654e-15
6420.551063	-2.1704718429179e-14
6420.651063	-1.29521605295777e-14
6420.751063	-2.3622279534987e-14
6420.851063	-1.20748428159581e-14
6420.951063	-1.0024307976037e-14
6421.051063	-7.32132250332897e-15
6421.151063	-8.32524966933729e-15
6421.251063	-1.13179864785762e-15
6421.351063	-1.2188600823082e-14
6421.451063	-2.78596590241875e-15
6421.551063	-1.39298295120938e-14
6421.651063	-4.17894885362813e-15
6421.751063	-1.39298295120938e-15
6421.851063	1.95017613169313e-14
6421.951063	1.95017613169313e-14
6422.051063	0
6422.151063	1.1143863609675e-14
6422.251063	-1.67157954145125e-14
6422.351063	2.228772721935e-14
6422.451063	0
6422.551063	1.1143863609675e-14
6422.651063	1.1143863609675e-14
6422.751063	-5.5719318048375e-15
6422.851063	-1.39298295120938e-14
6422.951063	-8.35789770725626e-15
6423.051063	-6.96491475604688e-15
6423.151063	-4.17894885362813e-15
6423.251063	5.5719318048375e-15
6423.351063	2.78596590241875e-15
6423.451063	1.53228124633031e-14
6423.551063	6.96491475604688e-15
6423.651063	4.17894885362813e-15
6423.751063	1.39298295120938e-14
6423.851063	1.74122868901172e-15
6423.951063	5.5719318048375e-15
6424.051063	1.48004438565996e-14
6424.151063	1.02732492651691e-14
6424.251063	2.21571350676741e-14
6424.351063	1.7238164021216e-14
6424.451063	9.91412084806048e-15
6424.551063	1.59295218346307e-14
6424.651063	1.65566362296575e-14
6424.751063	2.04232181788214e-14
6424.851063	2.48908556073293e-14
6424.951063	1.06869717482901e-14
6425.051063	1.16211080209028e-14
6425.151063	7.87619210491365e-15
6425.251063	1.41272163892135e-14
6425.351063	8.36227838301914e-16
6425.451063	1.64900480649689e-14
6425.551063	7.06838554414198e-15
6425.651063	1.29605760970071e-14
6425.751063	6.68452184277809e-15
6425.851063	5.90441808128299e-15
6425.951063	7.79565417196137e-15
6426.051063	1.9333545473896e-14
6426.151063	1.63469815414306e-14
6426.251063	1.22573884602592e-14
6426.351063	1.44602060650488e-14
6426.451063	1.23178666698333e-14
6426.551063	1.30464091640602e-14
6426.651063	-4.03483293323341e-15
6426.751063	1.01515109817327e-14
6426.851063	1.00923816951132e-14
6426.951063	5.84861567106739e-15
6427.051063	1.03091166290826e-14
6427.151063	1.21281658674659e-14
6427.251063	2.07468793649453e-14
6427.351063	1.07666483437659e-14
