6387.351063	0
6387.451063	4.17894885362813e-15
6387.551063	8.35789770725626e-15
6387.651063	0
6387.751063	5.5719318048375e-15
6387.851063	-6.96491475604688e-16
6387.951063	3.48245737802344e-16
6388.051063	-2.61184303351758e-15
6388.151063	-5.15838999119722e-15
6388.251063	-8.98909310702301e-15
6388.351063	1.8718208406876e-15
6388.451063	1.95344093548502e-15
6388.551063	-1.06939328371042e-15
6388.651063	9.60949084841551e-16
6388.751063	-6.65129379283438e-16
6388.851063	4.02468102927192e-15
6388.951063	3.03888349766249e-16
6389.051063	4.59300388566336e-15
6389.151063	-3.61484274149598e-15
6389.251063	4.47064738652846e-15
6389.351063	2.23555347254326e-15
6389.451063	-6.91584869211839e-16
6389.551063	1.36310923022122e-16
6389.651063	1.79874145967017e-15
6389.751063	7.00117550671299e-15
6389.851063	4.88797865905482e-15
6389.951063	9.37257455045004e-15
6390.051063	-1.66134303749385e-15
6390.151063	-1.53341531835404e-15
6390.251063	3.77161584092819e-15
6390.351063	-4.69610245569885e-15
6390.451063	1.23876892916175e-15
6390.551063	-6.49204958704732e-15
6390.651063	-1.02543746182472e-14
6390.751063	-4.39881298398869e-15
6390.851063	-4.42312897056376e-15
6390.951063	-7.18800968182651e-15
6391.051063	-3.26480379189698e-16
6391.151063	-7.05197619049747e-15
6391.251063	-8.7061434450586e-15
6391.351063	-1.74122868901172e-15
6391.451063	-6.96491475604688e-15
6391.551063	-9.05438918286094e-15
6391.651063	-1.04473721340703e-14
6391.751063	-7.66140623165157e-15
6391.851063	1.39298295120938e-15
6391.951063	4.17894885362813e-15
6392.051063	-9.75088065846563e-15
6392.151063	-2.78596590241875e-15
6392.251063	-2.78596590241875e-15
6392.351063	-9.75088065846563e-15
6392.451063	0
6392.551063	-1.25368465608844e-14
6392.651063	-1.1143863609675e-14
6392.751063	8.35789770725626e-15
6392.851063	1.1143863609675e-14
6392.951063	-2.78596590241875e-15
6393.051063	2.78596590241875e-15
6393.151063	8.35789770725626e-15
6393.251063	-1.1143863609675e-14
6393.351063	-2.78596590241875e-15
6393.451063	2.78596590241875e-15
6393.551063	-1.67157954145125e-14
6393.651063	1.1143863609675e-14
6393.751063	-1.1143863609675e-14
6393.851063	-1.39298295120938e-14
6393.951063	0
6394.051063	-5.5719318048375e-15
6394.151063	8.35789770725626e-15
6394.251063	-5.5719318048375e-15
6394.351063	0
6394.451063	-5.5719318048375e-15
6394.551063	2.78596590241875e-15
6394.651063	2.78596590241875e-15
6394.751063	-8.35789770725626e-15
6394.851063	-1.1143863609675e-14
6394.951063	2.08947442681406e-15
6395.051063	-6.96491475604688e-15
6395.151063	-8.7061434450586e-15
6395.251063	-2.26359729571524e-15
6395.351063	-4.26601028807871e-15
6395.451063	-1.05126682099083e-14
6395.551063	-1.18457964249329e-14
6395.651063	-1.15900534612343e-14
6395.751063	-9.46112932193478e-16
6395.851063	-8.65895682775384e-15
6395.951063	-6.7707482024077e-15
6396.051063	-1.53004200753164e-15
6396.151063	-3.14225641380621e-15
6396.251063	-8.76314221687693e-15
6396.351063	-2.54487099604809e-15
6396.451063	-4.42150092077536e-16
6396.551063	2.56014103503364e-15
6396.651063	3.20978759343966e-15
6396.751063	-3.15406961587865e-15
6396.851063	-3.3677356411319e-15
6396.951063	-8.31001788880692e-15
6397.051063	-5.39357568823091e-15
6397.151063	-4.55889402360944e-15
6397.251063	-3.30479076369722e-16
6397.351063	-8.17763690234371e-15
6397.451063	1.27083047398133e-15
6397.551063	1.78345397894594e-16
6397.651063	-7.19959930520139e-15
6397.751063	-2.54679537821556e-15
6397.851063	4.73843175408898e-15
6397.951063	-5.57607657527644e-15
6398.051063	3.0296358937619e-15
6398.151063	8.41197102005955e-16
6398.251063	1.39298295120938e-15
6398.351063	3.19406637640587e-15
6398.451063	-8.43407646240052e-16
6398.551063	-7.03021083188482e-15
6398.651063	-1.13179864785762e-15
6398.751063	3.83070311582578e-15
6398.851063	-1.39298295120938e-15
6398.951063	-3.1342116402211e-15
6399.051063	-1.06214950029715e-14
6399.151063	-6.61666901824454e-15
6399.251063	-8.35789770725626e-15
6399.351063	-1.2188600823082e-14
6399.451063	-9.40263492066329e-15
6399.551063	-8.7061434450586e-15
6399.651063	-3.83070311582578e-15
6399.751063	-2.50736931217688e-14
6399.851063	-1.32333380364891e-14
6399.951063	-1.42780752498961e-14
6400.051063	-1.04473721340703e-14
6400.151063	-1.25368465608844e-14
6400.251063	-1.60193039389078e-14
6400.351063	-1.39298295120938e-15
6400.451063	-1.74122868901172e-14
6400.551063	-1.60193039389078e-14
6400.651063	-2.29842186949547e-14
6400.751063	-2.92526419753969e-14
6400.851063	-8.35789770725626e-15
6400.951063	-2.57701845973735e-14
6401.051063	-3.76105396826532e-14
6401.151063	-3.48245737802344e-15
6401.251063	-2.57701845973735e-14
6401.351063	-1.04473721340703e-14
6401.451063	-1.74122868901172e-14
6401.551063	3.48245737802344e-15
6401.651063	-1.39298295120938e-14
6401.751063	-1.74122868901172e-14
6401.851063	-2.08947442681406e-15
6401.951063	-4.17894885362813e-15
6402.051063	-1.74122868901172e-14
6402.151063	-7.66140623165157e-15
6402.251063	-3.48245737802344e-15
6402.351063	-5.92017754263985e-15
6402.451063	-3.1342116402211e-15
6402.551063	-8.79320487950919e-15
6402.651063	-5.87664682541456e-15
6402.751063	-2.50301624045435e-15
6402.851063	-1.57798849941687e-15
6402.951063	1.3889019464695e-15
6403.051063	2.47002811880706e-15
6403.151063	-5.97697152526972e-17
6403.251063	2.97262935880182e-15
6403.351063	-2.65000946130941e-15
6403.451063	8.64038041832025e-15
6403.551063	-3.21826267775282e-15
6403.651063	-6.37609702122284e-15
6403.751063	5.1834571567648e-15
6403.851063	8.45138074710273e-15
6403.951063	7.66572517062586e-15
6404.051063	5.75667779486939e-15
6404.151063	6.8844660577953e-15
6404.251063	2.98037348418221e-15
6404.351063	9.9043715549092e-15
6404.451063	1.40464949266341e-14
6404.551063	1.16781160888475e-14
6404.651063	8.73288750202316e-15
6404.751063	1.72867967148633e-15
6404.851063	9.23022765289836e-15
6404.951063	9.76659377628936e-15
6405.051063	1.33484914164495e-15
6405.151063	8.64359992189677e-15
6405.251063	-3.62742072412508e-15
6405.351063	2.8702429013437e-15
6405.451063	5.67149131630395e-15
6405.551063	4.63534121703706e-16
6405.651063	3.49061938750318e-15
6405.751063	1.077385251326e-15
6405.851063	2.70978714727449e-15
6405.951063	6.98668011465953e-15
6406.051063	3.35186522634756e-15
6406.151063	-5.6154625220628e-15
6406.251063	-1.74122868901172e-15
6406.351063	-8.44495914170684e-15
6406.451063	1.74122868901172e-16
6406.551063	-7.83552910055274e-15
6406.651063	-6.79079188714571e-15
6406.751063	-1.86311469724254e-14
6406.851063	-6.44254614934336e-15
6406.951063	-4.52719459143047e-15
6407.051063	1.74122868901172e-15
6407.151063	-1.74122868901172e-15
6407.251063	-1.18403550852797e-14
6407.351063	1.2188600823082e-15
6407.451063	-4.87544032923282e-15
6407.551063	-1.25368465608844e-14
6407.651063	-2.15912357437453e-14
6407.751063	-2.36807101705594e-14
6407.851063	-6.96491475604688e-15
6407.951063	-1.35815837742914e-14
6408.051063	-2.08947442681406e-15
6408.151063	8.35789770725626e-15
6408.251063	-7.66140623165157e-15
6408.351063	-5.5719318048375e-15
6408.451063	-2.1242990005943e-14
6408.551063	-5.92017754263985e-15
6408.651063	-1.35815837742914e-14
6408.751063	-2.92526419753969e-14
6408.851063	-5.5719318048375e-15
6408.951063	-6.61666901824454e-15
6409.051063	-4.17894885362813e-15
6409.151063	-4.87544032923282e-15
6409.251063	-1.1143863609675e-14
6409.351063	-1.1143863609675e-14
6409.451063	-8.35789770725626e-15
6409.551063	-7.66140623165157e-15
6409.651063	-1.95017613169313e-14
6409.751063	-1.41039523809949e-14
6409.851063	-1.50616281599514e-14
6409.951063	-1.31462766020385e-14
6410.051063	-8.64084736922066e-15
6410.151063	-2.29243639587699e-14
6410.251063	-2.07614314466382e-14
6410.351063	-1.86474709913849e-14
6410.451063	-1.49656395276323e-14
6410.551063	-1.33046493432717e-14
6410.651063	-1.89486098190063e-14
6410.751063	-3.85051930314788e-15
6410.851063	-1.02058319004701e-14
6410.951063	-9.58531511212922e-15
6411.051063	-7.48954535563667e-15
6411.151063	8.55545298963487e-16
6411.251063	-5.97360299867934e-15
6411.351063	-2.84178676213741e-15
6411.451063	-1.86815345349554e-15
6411.551063	2.58469775659046e-14
6411.651063	7.48517063224736e-13
6411.751063	1.5013855475089e-11
6411.851063	2.61839649521106e-10
6411.951063	3.92496234366094e-09
6412.051063	5.05275845587374e-08
6412.151063	5.58917932510689e-07
6412.251063	5.3152930177631e-06
6412.351063	4.3481332519564e-05
6412.451063	0.000306143405123457
6412.551063	0.00185639382721932
6412.651063	0.00970200347178047
6412.751063	0.0437416084584017
6412.851063	0.170323548682098
6412.951063	0.573669874272262
6413.051063	1.67469883543775
6413.151063	4.2489497222195
6413.251063	9.40358978574108
6413.351063	18.2443997013902
6413.451063	31.2384002076582
6413.551063	47.6240763394142
6413.651063	65.3974440034368
6413.751063	82.0706620358986
6413.851063	95.7562103725041
6413.951063	105.832967490388
6414.051063	112.834952157933
6414.151063	117.837282474197
6414.251063	121.865138774376
6414.351063	125.622315723399
6414.451063	129.502969357179
6414.551063	133.714819778458
6414.651063	138.392293291053
6414.751063	143.668118309369
6414.851063	149.719797420875
6414.951063	156.813470090963
6415.051063	165.349701983094
6415.151063	175.87413072434
6415.251063	188.95468908685
6415.351063	204.806135536454
6415.451063	222.681614687293
6415.551063	240.379886260852
6415.651063	254.461134107635
6415.751063	261.468546764308
6415.851063	259.602160978256
6415.951063	249.666383926776
6416.051063	234.523589140913
6416.151063	217.446940459659
6416.251063	200.513046197177
6416.351063	183.903781345537
6416.451063	166.25259568187
6416.551063	145.722180390638
6416.651063	121.354430009546
6416.751063	94.0661772434458
6416.851063	66.6250253086637
6416.951063	42.4611360611739
6417.051063	24.0547388472679
6417.151063	11.9998702673097
6417.251063	5.23363266755378
6417.351063	1.98477903751586
6417.451063	0.651773775151242
6417.551063	0.184743815443114
6417.651063	0.0450874862305987
6417.751063	0.00945614107398306
6417.851063	0.00170168470212287
6417.951063	0.000262434960729087
6418.051063	3.46510037514782e-05
6418.151063	3.91396079195899e-06
6418.251063	3.77956874572716e-07
6418.351063	3.11862165114954e-08
6418.451063	2.19778435643873e-09
6418.551063	1.32250479315634e-10
6418.651063	6.79457789930637e-12
6418.751063	3.09455406893469e-13
6418.851063	1.80208389700765e-14
6418.951063	-1.01546654999902e-14
6419.051063	5.94454785263946e-15
6419.151063	4.59631882815024e-16
6419.251063	-2.0021405263506e-15
6419.351063	4.14756384021146e-16
6419.451063	8.01547149761471e-15
6419.551063	1.73698348759677e-14
6419.651063	4.30004157670907e-15
6419.751063	6.81263429597805e-15
6419.851063	1.18055815240587e-14
6419.951063	3.59153923388291e-15
6420.051063	-4.9625017636834e-15
6420.151063	3.63209421848538e-15
6420.251063	1.87726218034076e-14
6420.351063	7.55257943858834e-15
6420.451063	1.78475940623701e-15
6420.551063	1.65416725456113e-15
6420.651063	-2.43772016461641e-15
6420.751063	2.08947442681406e-15
6420.851063	-1.63675496767102e-14
6420.951063	2.08947442681406e-15
6421.051063	-3.48245737802344e-15
6421.151063	-1.04473721340703e-14
6421.251063	-8.35789770725626e-15
6421.351063	-6.96491475604688e-15
6421.451063	-2.78596590241875e-15
6421.551063	1.39298295120938e-15
6421.651063	-9.75088065846563e-15
6421.751063	-1.39298295120938e-15
6421.851063	-4.17894885362813e-15
6421.951063	2.78596590241875e-15
6422.051063	-1.39298295120938e-15
6422.151063	6.96491475604688e-15
6422.251063	1.39298295120938e-14
6422.351063	4.17894885362813e-15
6422.451063	0
6422.551063	1.25368465608844e-14
6422.651063	0
6422.751063	1.1143863609675e-14
6422.851063	5.5719318048375e-15
6422.951063	-2.78596590241875e-15
6423.051063	1.1143863609675e-14
6423.151063	2.78596590241875e-15
6423.251063	1.1143863609675e-14
6423.351063	-1.39298295120938e-14
6423.451063	-2.78596590241875e-15
6423.551063	2.78596590241875e-15
6423.651063	-1.39298295120938e-15
6423.751063	6.96491475604688e-15
6423.851063	-8.35789770725626e-15
6423.951063	6.61666901824454e-15
6424.051063	5.5719318048375e-15
6424.151063	-1.91535155791289e-15
6424.251063	-1.04473721340703e-15
6424.351063	-5.48487037038692e-15
6424.451063	-1.48004438565996e-15
6424.551063	2.26359729571524e-15
6424.651063	7.82464642124642e-15
6424.751063	-4.44829516645963e-15
6424.851063	-4.12657595946645e-15
6424.951063	3.8504279720685e-15
6425.051063	2.98465982069123e-16
6425.151063	3.65324317534045e-15
6425.251063	-8.77345611112933e-16
6425.351063	-8.73686223846797e-16
6425.451063	1.86130055895286e-15
6425.551063	5.48250014854993e-15
6425.651063	2.62109096823388e-15
6425.751063	3.85852342637552e-15
6425.851063	7.68037390814734e-15
6425.951063	9.19483013872779e-15
6426.051063	7.23658892472194e-15
6426.151063	1.10458115488665e-14
6426.251063	4.69184248123968e-15
6426.351063	7.6048044239074e-15
6426.451063	1.81987800194132e-14
6426.551063	1.73659863663527e-14
6426.651063	2.94999900146063e-16
6426.751063	7.86756369978494e-15
6426.851063	1.00547632792824e-14
6426.951063	7.58503883631425e-15
6427.051063	9.42967689087319e-15
6427.151063	7.93524802626683e-15
6427.251063	1.08541122731442e-14
6427.351063	-2.61592403825745e-15
